7442
0.0054
0.9948
0.0054
0.9783033
0.0054
0.96180665
0.0054
0.94531
0.0054
0.92881334
0.0054
0.9123167
0.0054
0.89582
0.0054
0.87932336
0.0054
0.86282665
0.0054
0.84633
0.0054
0.8298333
0.0054
0.8133367
0.0054
0.79684
0.0054
0.78034335
0.0054
0.76384664
0.0054
0.74735
0.0054
0.7308533
0.0054
0.71435666
0.0054
0.69786
0.0054
0.68136334
0.0054
0.6648667
0.0054
0.64837
0.0054
0.63187337
0.0054
0.6153767
0.0054
0.59888
0.0054
0.58238333
0.0054
0.5658867
0.0054
0.54938996
0.0054
0.5328933
0.0054
0.51639664
0.0054
0.49989998
0.0054
0.48340333
0.0054
0.46690667
0.0054
0.45041
0.0054
0.43391335
0.0054
0.4174167
0.0054
0.40091997
0.0054
0.38442332
0.0054
0.36792666
0.0054
0.35143
0.0054
0.33493334
0.0054
0.31843668
0.0054
0.30194002
0.0054
0.2854433
0.0054
0.26894665
0.0054
0.25245
0.0054
0.23595333
0.0054
0.21945667
0.0054
0.20296001
0.0054
0.18646336
0.0054
0.16996664
0.0054
0.15346998
0.0054
0.13697332
0.0054
0.12047666
0.0054
0.103980005
0.0054
0.08748335
0.0054
0.07098669
0.0054
0.05448997
0.0054
0.037993312
0.0054
0.021496654
0.0054
0.004999995
0.021896666
0.9948
0.021896666
0.9783033
0.021896666
0.96180665
0.021896666
0.94531
0.021896666
0.92881334
0.021896666
0.9123167
0.021896666
0.89582
0.021896666
0.87932336
0.021896666
0.86282665
0.021896666
0.84633
0.021896666
0.8298333
0.021896666
0.8133367
0.021896666
0.79684
0.021896666
0.78034335
0.021896666
0.76384664
0.021896666
0.74735
0.021896666
0.7308533
0.021896666
0.71435666
0.021896666
0.69786
0.021896666
0.68136334
0.021896666
0.6648667
0.021896666
0.64837
0.021896666
0.63187337
0.021896666
0.6153767
0.021896666
0.59888
0.021896666
0.58238333
0.021896666
0.5658867
0.021896666
0.54938996
0.021896666
0.5328933
0.021896666
0.51639664
0.021896666
0.49989998
0.021896666
0.48340333
0.021896666
0.46690667
0.021896666
0.45041
0.021896666
0.43391335
0.021896666
0.4174167
0.021896666
0.40091997
0.021896666
0.38442332
0.021896666
0.36792666
0.021896666
0.35143
0.021896666
0.33493334
0.021896666
0.31843668
0.021896666
0.30194002
0.021896666
0.2854433
0.021896666
0.26894665
0.021896666
0.25245
0.021896666
0.23595333
0.021896666
0.21945667
0.021896666
0.20296001
0.021896666
0.18646336
0.021896666
0.16996664
0.021896666
0.15346998
0.021896666
0.13697332
0.021896666
0.12047666
0.021896666
0.103980005
0.021896666
0.08748335
0.021896666
0.07098669
0.021896666
0.05448997
0.021896666
0.037993312
0.021896666
0.021496654
0.021896666
0.004999995
0.038393334
0.9948
0.038393334
0.9783033
0.038393334
0.96180665
0.038393334
0.94531
0.038393334
0.92881334
0.038393334
0.9123167
0.038393334
0.89582
0.038393334
0.87932336
0.038393334
0.86282665
0.038393334
0.84633
0.038393334
0.8298333
0.038393334
0.8133367
0.038393334
0.79684
0.038393334
0.78034335
0.038393334
0.76384664
0.038393334
0.74735
0.038393334
0.7308533
0.038393334
0.71435666
0.038393334
0.69786
0.038393334
0.68136334
0.038393334
0.6648667
0.038393334
0.64837
0.038393334
0.63187337
0.038393334
0.6153767
0.038393334
0.59888
0.038393334
0.58238333
0.038393334
0.5658867
0.038393334
0.54938996
0.038393334
0.5328933
0.038393334
0.51639664
0.038393334
0.49989998
0.038393334
0.48340333
0.038393334
0.46690667
0.038393334
0.45041
0.038393334
0.43391335
0.038393334
0.4174167
0.038393334
0.40091997
0.038393334
0.38442332
0.038393334
0.36792666
0.038393334
0.35143
0.038393334
0.33493334
0.038393334
0.31843668
0.038393334
0.30194002
0.038393334
0.2854433
0.038393334
0.26894665
0.038393334
0.25245
0.038393334
0.23595333
0.038393334
0.21945667
0.038393334
0.20296001
0.038393334
0.18646336
0.038393334
0.16996664
0.038393334
0.15346998
0.038393334
0.13697332
0.038393334
0.12047666
0.038393334
0.103980005
0.038393334
0.08748335
0.038393334
0.07098669
0.038393334
0.05448997
0.038393334
0.037993312
0.038393334
0.021496654
0.038393334
0.004999995
0.05489
0.9948
0.05489
0.9783033
0.05489
0.96180665
0.05489
0.94531
0.05489
0.92881334
0.05489
0.9123167
0.05489
0.89582
0.05489
0.87932336
0.05489
0.86282665
0.05489
0.84633
0.05489
0.8298333
0.05489
0.8133367
0.05489
0.79684
0.05489
0.78034335
0.05489
0.76384664
0.05489
0.74735
0.05489
0.7308533
0.05489
0.71435666
0.05489
0.69786
0.05489
0.68136334
0.05489
0.6648667
0.05489
0.64837
0.05489
0.63187337
0.05489
0.6153767
0.05489
0.59888
0.05489
0.58238333
0.05489
0.5658867
0.05489
0.54938996
0.05489
0.5328933
0.05489
0.51639664
0.05489
0.49989998
0.05489
0.48340333
0.05489
0.46690667
0.05489
0.45041
0.05489
0.43391335
0.05489
0.4174167
0.05489
0.40091997
0.05489
0.38442332
0.05489
0.36792666
0.05489
0.35143
0.05489
0.33493334
0.05489
0.31843668
0.05489
0.30194002
0.05489
0.2854433
0.05489
0.26894665
0.05489
0.25245
0.05489
0.23595333
0.05489
0.21945667
0.05489
0.20296001
0.05489
0.18646336
0.05489
0.16996664
0.05489
0.15346998
0.05489
0.13697332
0.05489
0.12047666
0.05489
0.103980005
0.05489
0.08748335
0.05489
0.07098669
0.05489
0.05448997
0.05489
0.037993312
0.05489
0.021496654
0.05489
0.004999995
0.071386665
0.9948
0.071386665
0.9783033
0.071386665
0.96180665
0.071386665
0.94531
0.071386665
0.92881334
0.071386665
0.9123167
0.071386665
0.89582
0.071386665
0.87932336
0.071386665
0.86282665
0.071386665
0.84633
0.071386665
0.8298333
0.071386665
0.8133367
0.071386665
0.79684
0.071386665
0.78034335
0.071386665
0.76384664
0.071386665
0.74735
0.071386665
0.7308533
0.071386665
0.71435666
0.071386665
0.69786
0.071386665
0.68136334
0.071386665
0.6648667
0.071386665
0.64837
0.071386665
0.63187337
0.071386665
0.6153767
0.071386665
0.59888
0.071386665
0.58238333
0.071386665
0.5658867
0.071386665
0.54938996
0.071386665
0.5328933
0.071386665
0.51639664
0.071386665
0.49989998
0.071386665
0.48340333
0.071386665
0.46690667
0.071386665
0.45041
0.071386665
0.43391335
0.071386665
0.4174167
0.071386665
0.40091997
0.071386665
0.38442332
0.071386665
0.36792666
0.071386665
0.35143
0.071386665
0.33493334
0.071386665
0.31843668
0.071386665
0.30194002
0.071386665
0.2854433
0.071386665
0.26894665
0.071386665
0.25245
0.071386665
0.23595333
0.071386665
0.21945667
0.071386665
0.20296001
0.071386665
0.18646336
0.071386665
0.16996664
0.071386665
0.15346998
0.071386665
0.13697332
0.071386665
0.12047666
0.071386665
0.103980005
0.071386665
0.08748335
0.071386665
0.07098669
0.071386665
0.05448997
0.071386665
0.037993312
0.071386665
0.021496654
0.071386665
0.004999995
0.08788333
0.9948
0.08788333
0.9783033
0.08788333
0.96180665
0.08788333
0.94531
0.08788333
0.92881334
0.08788333
0.9123167
0.08788333
0.89582
0.08788333
0.87932336
0.08788333
0.86282665
0.08788333
0.84633
0.08788333
0.8298333
0.08788333
0.8133367
0.08788333
0.79684
0.08788333
0.78034335
0.08788333
0.76384664
0.08788333
0.74735
0.08788333
0.7308533
0.08788333
0.71435666
0.08788333
0.69786
0.08788333
0.68136334
0.08788333
0.6648667
0.08788333
0.64837
0.08788333
0.63187337
0.08788333
0.6153767
0.08788333
0.59888
0.08788333
0.58238333
0.08788333
0.5658867
0.08788333
0.54938996
0.08788333
0.5328933
0.08788333
0.51639664
0.08788333
0.49989998
0.08788333
0.48340333
0.08788333
0.46690667
0.08788333
0.45041
0.08788333
0.43391335
0.08788333
0.4174167
0.08788333
0.40091997
0.08788333
0.38442332
0.08788333
0.36792666
0.08788333
0.35143
0.08788333
0.33493334
0.08788333
0.31843668
0.08788333
0.30194002
0.08788333
0.2854433
0.08788333
0.26894665
0.08788333
0.25245
0.08788333
0.23595333
0.08788333
0.21945667
0.08788333
0.20296001
0.08788333
0.18646336
0.08788333
0.16996664
0.08788333
0.15346998
0.08788333
0.13697332
0.08788333
0.12047666
0.08788333
0.103980005
0.08788333
0.08748335
0.08788333
0.07098669
0.08788333
0.05448997
0.08788333
0.037993312
0.08788333
0.021496654
0.08788333
0.004999995
0.10438
0.9948
0.10438
0.9783033
0.10438
0.96180665
0.10438
0.94531
0.10438
0.92881334
0.10438
0.9123167
0.10438
0.89582
0.10438
0.87932336
0.10438
0.86282665
0.10438
0.84633
0.10438
0.8298333
0.10438
0.8133367
0.10438
0.79684
0.10438
0.78034335
0.10438
0.76384664
0.10438
0.74735
0.10438
0.7308533
0.10438
0.71435666
0.10438
0.69786
0.10438
0.68136334
0.10438
0.6648667
0.10438
0.64837
0.10438
0.63187337
0.10438
0.6153767
0.10438
0.59888
0.10438
0.58238333
0.10438
0.5658867
0.10438
0.54938996
0.10438
0.5328933
0.10438
0.51639664
0.10438
0.49989998
0.10438
0.48340333
0.10438
0.46690667
0.10438
0.45041
0.10438
0.43391335
0.10438
0.4174167
0.10438
0.40091997
0.10438
0.38442332
0.10438
0.36792666
0.10438
0.35143
0.10438
0.33493334
0.10438
0.31843668
0.10438
0.30194002
0.10438
0.2854433
0.10438
0.26894665
0.10438
0.25245
0.10438
0.23595333
0.10438
0.21945667
0.10438
0.20296001
0.10438
0.18646336
0.10438
0.16996664
0.10438
0.15346998
0.10438
0.13697332
0.10438
0.12047666
0.10438
0.103980005
0.10438
0.08748335
0.10438
0.07098669
0.10438
0.05448997
0.10438
0.037993312
0.10438
0.021496654
0.10438
0.004999995
0.12087667
0.9948
0.12087667
0.9783033
0.12087667
0.96180665
0.12087667
0.94531
0.12087667
0.92881334
0.12087667
0.9123167
0.12087667
0.89582
0.12087667
0.87932336
0.12087667
0.86282665
0.12087667
0.84633
0.12087667
0.8298333
0.12087667
0.8133367
0.12087667
0.79684
0.12087667
0.78034335
0.12087667
0.76384664
0.12087667
0.74735
0.12087667
0.7308533
0.12087667
0.71435666
0.12087667
0.69786
0.12087667
0.68136334
0.12087667
0.6648667
0.12087667
0.64837
0.12087667
0.63187337
0.12087667
0.6153767
0.12087667
0.59888
0.12087667
0.58238333
0.12087667
0.5658867
0.12087667
0.54938996
0.12087667
0.5328933
0.12087667
0.51639664
0.12087667
0.49989998
0.12087667
0.48340333
0.12087667
0.46690667
0.12087667
0.45041
0.12087667
0.43391335
0.12087667
0.4174167
0.12087667
0.40091997
0.12087667
0.38442332
0.12087667
0.36792666
0.12087667
0.35143
0.12087667
0.33493334
0.12087667
0.31843668
0.12087667
0.30194002
0.12087667
0.2854433
0.12087667
0.26894665
0.12087667
0.25245
0.12087667
0.23595333
0.12087667
0.21945667
0.12087667
0.20296001
0.12087667
0.18646336
0.12087667
0.16996664
0.12087667
0.15346998
0.12087667
0.13697332
0.12087667
0.12047666
0.12087667
0.103980005
0.12087667
0.08748335
0.12087667
0.07098669
0.12087667
0.05448997
0.12087667
0.037993312
0.12087667
0.021496654
0.12087667
0.004999995
0.13737333
0.9948
0.13737333
0.9783033
0.13737333
0.96180665
0.13737333
0.94531
0.13737333
0.92881334
0.13737333
0.9123167
0.13737333
0.89582
0.13737333
0.87932336
0.13737333
0.86282665
0.13737333
0.84633
0.13737333
0.8298333
0.13737333
0.8133367
0.13737333
0.79684
0.13737333
0.78034335
0.13737333
0.76384664
0.13737333
0.74735
0.13737333
0.7308533
0.13737333
0.71435666
0.13737333
0.69786
0.13737333
0.68136334
0.13737333
0.6648667
0.13737333
0.64837
0.13737333
0.63187337
0.13737333
0.6153767
0.13737333
0.59888
0.13737333
0.58238333
0.13737333
0.5658867
0.13737333
0.54938996
0.13737333
0.5328933
0.13737333
0.51639664
0.13737333
0.49989998
0.13737333
0.48340333
0.13737333
0.46690667
0.13737333
0.45041
0.13737333
0.43391335
0.13737333
0.4174167
0.13737333
0.40091997
0.13737333
0.38442332
0.13737333
0.36792666
0.13737333
0.35143
0.13737333
0.33493334
0.13737333
0.31843668
0.13737333
0.30194002
0.13737333
0.2854433
0.13737333
0.26894665
0.13737333
0.25245
0.13737333
0.23595333
0.13737333
0.21945667
0.13737333
0.20296001
0.13737333
0.18646336
0.13737333
0.16996664
0.13737333
0.15346998
0.13737333
0.13697332
0.13737333
0.12047666
0.13737333
0.103980005
0.13737333
0.08748335
0.13737333
0.07098669
0.13737333
0.05448997
0.13737333
0.037993312
0.13737333
0.021496654
0.13737333
0.004999995
0.15387
0.9948
0.15387
0.9783033
0.15387
0.96180665
0.15387
0.94531
0.15387
0.92881334
0.15387
0.9123167
0.15387
0.89582
0.15387
0.87932336
0.15387
0.86282665
0.15387
0.84633
0.15387
0.8298333
0.15387
0.8133367
0.15387
0.79684
0.15387
0.78034335
0.15387
0.76384664
0.15387
0.74735
0.15387
0.7308533
0.15387
0.71435666
0.15387
0.69786
0.15387
0.68136334
0.15387
0.6648667
0.15387
0.64837
0.15387
0.63187337
0.15387
0.6153767
0.15387
0.59888
0.15387
0.58238333
0.15387
0.5658867
0.15387
0.54938996
0.15387
0.5328933
0.15375978
0.5164019
0.153758
0.49989998
0.15375978
0.48339808
0.15387
0.46690667
0.15387
0.45041
0.15387
0.43391335
0.15387
0.4174167
0.15387
0.40091997
0.15387
0.38442332
0.15387
0.36792666
0.15387
0.35143
0.15387
0.33493334
0.15387
0.31843668
0.15387
0.30194002
0.15387
0.2854433
0.15387
0.26894665
0.15387
0.25245
0.15387
0.23595333
0.15387
0.21945667
0.15387
0.20296001
0.15387
0.18646336
0.15387
0.16996664
0.15387
0.15346998
0.15387
0.13697332
0.15387
0.12047666
0.15387
0.103980005
0.15387
0.08748335
0.15387
0.07098669
0.15387
0.05448997
0.15387
0.037993312
0.15387
0.021496654
0.15387
0.004999995
0.17036666
0.9948
0.17036666
0.9783033
0.17036666
0.96180665
0.17036666
0.94531
0.17036666
0.92881334
0.17036666
0.9123167
0.17036666
0.89582
0.17036666
0.87932336
0.17036666
0.86282665
0.17036666
0.84633
0.17036666
0.8298333
0.17036666
0.8133367
0.17036666
0.79684
0.17036666
0.78034335
0.17036666
0.76384664
0.17036666
0.74735
0.17036666
0.7308533
0.17036666
0.71435666
0.17036666
0.69786
0.17036666
0.68136334
0.17036666
0.6648667
0.17036666
0.64837
0.17036666
0.63187337
0.17036666
0.6153767
0.1702515
0.5989145
0.17023265
0.58241683
0.17021705
0.5659166
0.1702048
0.5494143
0.17019598
0.5329104
0.17019066
0.51640546
0.17018889
0.49989998
0.17019066
0.4833945
0.17019598
0.46688962
0.1702048
0.45038575
0.17021705
0.43388343
0.17023265
0.4173832
0.1702515
0.40088546
0.17036666
0.38442332
0.17036666
0.36792666
0.17036666
0.35143
0.17036666
0.33493334
0.17036666
0.31843668
0.17036666
0.30194002
0.17036666
0.2854433
0.17036666
0.26894665
0.17036666
0.25245
0.17036666
0.23595333
0.17036666
0.21945667
0.17036666
0.20296001
0.17036666
0.18646336
0.17036666
0.16996664
0.17036666
0.15346998
0.17036666
0.13697332
0.17036666
0.12047666
0.17036666
0.103980005
0.17036666
0.08748335
0.17036666
0.07098669
0.17036666
0.05448997
0.17036666
0.037993312
0.17036666
0.021496654
0.17036666
0.004999995
0.18686333
0.9948
0.18686333
0.9783033
0.18686333
0.96180665
0.18686333
0.94531
0.18686333
0.92881334
0.18686333
0.9123167
0.18686333
0.89582
0.18686333
0.87932336
0.18686333
0.86282665
0.18686333
0.84633
0.18686333
0.8298333
0.18686333
0.8133367
0.18686333
0.79684
0.18686333
0.78034335
0.18686333
0.76384664
0.18686333
0.74735
0.18686333
0.7308533
0.18686333
0.71435666
0.18686333
0.69786
0.18686333
0.68136334
0.18686333
0.6648667
0.18676361
0.64841723
0.18673603
0.6319269
0.18671122
0.61543274
0.18668936
0.59893495
0.18670318
0.5824255
0.18669279
0.56592256
0.18668464
0.5494182
0.18667877
0.53291273
0.18667522
0.51640654
0.18667404
0.49989998
0.18667522
0.48339343
0.18667877
0.46688724
0.18668464
0.45038176
0.18669279
0.4338774
0.18670318
0.4173745
0.18668936
0.40086508
0.18671122
0.3843673
0.18673603
0.36787307
0.18676361
0.35138273
0.18686333
0.33493334
0.18686333
0.31843668
0.18686333
0.30194002
0.18686333
0.2854433
0.18686333
0.26894665
0.18686333
0.25245
0.18686333
0.23595333
0.18686333
0.21945667
0.18686333
0.20296001
0.18686333
0.18646336
0.18686333
0.16996664
0.18686333
0.15346998
0.18686333
0.13697332
0.18686333
0.12047666
0.18686333
0.103980005
0.18686333
0.08748335
0.18686333
0.07098669
0.18686333
0.05448997
0.18686333
0.037993312
0.18686333
0.021496654
0.18686333
0.004999995
0.20336
0.9948
0.20336
0.9783033
0.20336
0.96180665
0.20336
0.94531
0.20336
0.92881334
0.20336
0.9123167
0.20336
0.89582
0.20336
0.87932336
0.20336
0.86282665
0.20336
0.84633
0.20336
0.8298333
0.20336
0.8133367
0.20336
0.79684
0.20336
0.78034335
0.20336
0.76384664
0.20336
0.74735
0.20336
0.7308533
0.20336
0.71435666
0.20336
0.69786
0.20336
0.68136334
0.20323785
0.6649345
0.20320797
0.648446
0.20318066
0.631953
0.20319404
0.6154412
0.20317954
0.59894013
0.20316708
0.5824369
0.20315674
0.5659318
0.20305648
0.5494406
0.20304182
0.5329287
0.20303296
0.5164148
0.20303
0.49989998
0.20303296
0.48338515
0.20304182
0.46687132
0.20305648
0.4503594
0.20315674
0.43386817
0.20316708
0.4173631
0.20317954
0.40085983
0.20319404
0.38435876
0.20318066
0.36784697
0.20320797
0.351354
0.20323785
0.33486545
0.20336
0.31843668
0.20336
0.30194002
0.20336
0.2854433
0.20336
0.26894665
0.20336
0.25245
0.20336
0.23595333
0.20336
0.21945667
0.20336
0.20296001
0.20336
0.18646336
0.20336
0.16996664
0.20336
0.15346998
0.20336
0.13697332
0.20336
0.12047666
0.20336
0.103980005
0.20336
0.08748335
0.20336
0.07098669
0.20336
0.05448997
0.20336
0.037993312
0.20336
0.021496654
0.20336
0.004999995
0.21985666
0.9948
0.21985666
0.9783033
0.21985666
0.96180665
0.21985666
0.94531
0.21985666
0.92881334
0.21985666
0.9123167
0.21985666
0.89582
0.21985666
0.87932336
0.21985666
0.86282665
0.21985666
0.84633
0.21985666
0.8298333
0.21985666
0.8133367
0.21985666
0.79684
0.21985666
0.78034335
0.21985666
0.76384664
0.21985666
0.74735
0.21985666
0.7308533
0.21985666
0.71435666
0.21975443
0.6979321
0.21972057
0.6814514
0.21968882
0.6649654
0.21969678
0.64845467
0.21967876
0.63195705
0.2196625
0.6154566
0.2195478
0.598989
0.2195168
0.5824833
0.21949103
0.5659727
0.21947072
0.54945815
0.21945608
0.5329405
0.21944723
0.5164207
0.21944426
0.49989998
0.21944723
0.48337924
0.21945608
0.46685952
0.21947072
0.45034188
0.21949103
0.43382728
0.2195168
0.41731673
0.2195478
0.40081102
0.2196625
0.3843434
0.21967876
0.36784297
0.21969678
0.35134536
0.21968882
0.33483458
0.21972057
0.3183486
0.21975443
0.30186784
0.21985666
0.2854433
0.21985666
0.26894665
0.21985666
0.25245
0.21985666
0.23595333
0.21985666
0.21945667
0.21985666
0.20296001
0.21985666
0.18646336
0.21985666
0.16996664
0.21985666
0.15346998
0.21985666
0.13697332
0.21985666
0.12047666
0.21985666
0.103980005
0.21985666
0.08748335
0.21985666
0.07098669
0.21985666
0.05448997
0.21985666
0.037993312
0.21985666
0.021496654
0.21985666
0.004999995
0.23635334
0.9948
0.23635334
0.9783033
0.23635334
0.96180665
0.23635334
0.94531
0.23635334
0.92881334
0.23635334
0.9123167
0.23635334
0.89582
0.23635334
0.87932336
0.23635334
0.86282665
0.23635334
0.84633
0.23635334
0.8298333
0.23635334
0.8133367
0.23635334
0.79684
0.23635334
0.78034335
0.23635334
0.76384664
0.23635334
0.74735
0.23635334
0.7308533
0.23624612
0.7144438
0.2362111
0.6979667
0.23620972
0.68146205
0.23618892
0.66496944
0.23616956
0.6484734
0.23604943
0.63202524
0.2360092
0.6155272
0.23597354
0.5990224
0.23582757
0.58254766
0.23578137
0.56602967
0.23574492
0.54950404
0.23571858
0.5329727
0.23570266
0.5164373
0.23569733
0.49989998
0.23570266
0.48336267
0.23571858
0.46682733
0.23574492
0.45029593
0.23578137
0.43377036
0.23582757
0.41725236
0.23597354
0.40077758
0.2360092
0.38427275
0.23604943
0.36777472
0.23616956
0.35132664
0.23618892
0.33483058
0.23620972
0.31833792
0.2362111
0.30183333
0.23624612
0.28535622
0.23635334
0.26894665
0.23635334
0.25245
0.23635334
0.23595333
0.23635334
0.21945667
0.23635334
0.20296001
0.23635334
0.18646336
0.23635334
0.16996664
0.23635334
0.15346998
0.23635334
0.13697332
0.23635334
0.12047666
0.23635334
0.103980005
0.23635334
0.08748335
0.23635334
0.07098669
0.23635334
0.05448997
0.23635334
0.037993312
0.23635334
0.021496654
0.23635334
0.004999995
0.25285
0.9948
0.25285
0.9783033
0.25285
0.96180665
0.25285
0.94531
0.25285
0.92881334
0.25285
0.9123167
0.25285
0.89582
0.25285
0.87932336
0.25285
0.86282665
0.25285
0.84633
0.25285
0.8298333
0.25285
0.8133367
0.25285
0.79684
0.25285
0.78034335
0.25285
0.76384664
0.25285
0.74735
0.25274432
0.73095196
0.25270864
0.7144792
0.252708
0.6979736
0.25268638
0.6814833
0.25257745
0.66504836
0.25252992
0.6485621
0.2524861
0.63206744
0.25232348
0.6156224
0.25225988
0.5991161
0.25220484
0.5825984
0.25215888
0.566071
0.25240305
0.54947937
0.25240597
0.53295255
0.25240773
0.51642615
0.25240833
0.49989998
0.25240773
0.48337382
0.25240597
0.46684748
0.25240305
0.4503206
0.25215888
0.43372905
0.25220484
0.41720158
0.25225988
0.40068394
0.25232348
0.38417763
0.2524861
0.36773258
0.25252992
0.35123795
0.25257745
0.33475167
0.25268638
0.3183167
0.252708
0.30182642
0.25270864
0.28532082
0.25274432
0.268848
0.25285
0.25245
0.25285
0.23595333
0.25285
0.21945667
0.25285
0.20296001
0.25285
0.18646336
0.25285
0.16996664
0.25285
0.15346998
0.25285
0.13697332
0.25285
0.12047666
0.25285
0.103980005
0.25285
0.08748335
0.25285
0.07098669
0.25285
0.05448997
0.25285
0.037993312
0.25285
0.021496654
0.25285
0.004999995
0.26934665
0.9948
0.26934665
0.9783033
0.26934665
0.96180665
0.26934665
0.94531
0.26934665
0.92881334
0.26934665
0.9123167
0.26934665
0.89582
0.26934665
0.87932336
0.26934665
0.86282665
0.26934665
0.84633
0.26934665
0.8298333
0.26934665
0.8133367
0.26934665
0.79684
0.26934665
0.78034335
0.26934665
0.76384664
0.269248
0.7474557
0.26921222
0.7309878
0.26921067
0.71448296
0.26918858
0.69799554
0.26907378
0.68157774
0.269024
0.6650971
0.26886874
0.64867723
0.26879126
0.6321907
0.26872078
0.61568964
0.2689306
0.5990583
0.26893666
0.5825298
0.26894173
0.56600237
0.26894575
0.5494759
0.26894867
0.53295016
0.26895043
0.51642495
0.26895103
0.49989998
0.26895043
0.483375
0.26894867
0.4668498
0.26894575
0.45032412
0.26894173
0.43379766
0.26893666
0.41727024
0.2689306
0.4007417
0.26872078
0.3841104
0.26879126
0.36760926
0.26886874
0.35112274
0.269024
0.33470285
0.26907378
0.31822228
0.26918858
0.30180448
0.26921067
0.28531706
0.26921222
0.26881224
0.269248
0.2523443
0.26934665
0.23595333
0.26934665
0.21945667
0.26934665
0.20296001
0.26934665
0.18646336
0.26934665
0.16996664
0.26934665
0.15346998
0.26934665
0.13697332
0.26934665
0.12047666
0.26934665
0.103980005
0.26934665
0.08748335
0.26934665
0.07098669
0.26934665
0.05448997
0.26934665
0.037993312
0.26934665
0.021496654
0.26934665
0.004999995
0.28584334
0.9948
0.28584334
0.9783033
0.28584334
0.96180665
0.28584334
0.94531
0.28584334
0.92881334
0.28584334
0.9123167
0.28584334
0.89582
0.28584334
0.87932336
0.28584334
0.86282665
0.28584334
0.84633
0.28584334
0.8298333
0.28584334
0.8133367
0.28584334
0.79684
0.28584334
0.78034335
0.28575623
0.76395386
0.28572083
0.74749136
0.28571704
0.73098934
0.28569487
0.71450514
0.28558126
0.6981019
0.28553024
0.6816282
0.28536597
0.66523385
0.2852842
0.6487571
0.28545648
0.63211143
0.28546417
0.6155808
0.28547105
0.59905183
0.28547707
0.5825242
0.2854821
0.56599784
0.2854861
0.54947245
0.28548902
0.53294784
0.28549078
0.5164238
0.28549138
0.49989998
0.28549078
0.4833762
0.28548902
0.46685213
0.2854861
0.45032758
0.2854821
0.4338022
0.28547707
0.4172758
0.28547105
0.4007482
0.28546417
0.38421917
0.28545648
0.3676886
0.2852842
0.35104287
0.28536597
0.33456612
0.28553024
0.31817174
0.28558126
0.3016981
0.28569487
0.28529483
0.28571704
0.2688107
0.28572083
0.2523086
0.28575623
0.2358461
0.28584334
0.21945667
0.28584334
0.20296001
0.28584334
0.18646336
0.28584334
0.16996664
0.28584334
0.15346998
0.28584334
0.13697332
0.28584334
0.12047666
0.28584334
0.103980005
0.28584334
0.08748335
0.28584334
0.07098669
0.28584334
0.05448997
0.28584334
0.037993312
0.28584334
0.021496654
0.28584334
0.004999995
0.30234
0.9948
0.30234
0.9783033
0.30234
0.96180665
0.30234
0.94531
0.30234
0.92881334
0.30234
0.9123167
0.30234
0.89582
0.30234
0.87932336
0.30234
0.86282665
0.30234
0.84633
0.30234
0.8298333
0.30234
0.8133367
0.30234
0.79684
0.30226785
0.7804456
0.30223334
0.76398885
0.3022264
0.74749196
0.3022045
0.7310114
0.3020981
0.71461874
0.3020468
0.6981532
0.3018837
0.68178165
0.30179942
0.6653172
0.30198666
0.648635
0.3019949
0.63210344
0.30200243
0.6155736
0.3020092
0.5990454
0.30201513
0.5825187
0.3018995
0.5660335
0.30187958
0.5495051
0.3018651
0.53297246
0.30185628
0.51643693
0.30185333
0.49989998
0.30185628
0.48336303
0.3018651
0.4668275
0.30187958
0.4502949
0.3018995
0.43376648
0.30201513
0.41728127
0.3020092
0.40075457
0.30200243
0.38422638
0.3019949
0.36769658
0.30198666
0.351165
0.30179942
0.33448285
0.3018837
0.31801838
0.3020468
0.30164677
0.3020981
0.28518128
0.3022045
0.26878858
0.3022264
0.252308
0.30223334
0.23581111
0.30226785
0.21935445
0.30234
0.20296001
0.30234
0.18646336
0.30234
0.16996664
0.30234
0.15346998
0.30234
0.13697332
0.30234
0.12047666
0.30234
0.103980005
0.30234
0.08748335
0.30234
0.07098669
0.30234
0.05448997
0.30234
0.037993312
0.30234
0.021496654
0.30234
0.004999995
0.31883666
0.9948
0.31883666
0.9783033
0.31883666
0.96180665
0.31883666
0.94531
0.31883666
0.92881334
0.31883666
0.9123167
0.31883666
0.89582
0.31883666
0.87932336
0.31883666
0.86282665
0.31883666
0.84633
0.31883666
0.8298333
0.31883666
0.8133367
0.31883666
0.79684
0.3187486
0.78047943
0.31873792
0.7639903
0.31871668
0.74751365
0.31862226
0.7311262
0.31857172
0.71466976
0.31841838
0.69831634
0.31833363
0.6818664
0.31851453
0.6651595
0.31852305
0.64862657
0.318531
0.63209563
0.31853834
0.6155665
0.3184251
0.5991045
0.31839597
0.58258367
0.3183713
0.5660559
0.31835157
0.5495223
0.31835636
0.5329807
0.31834933
0.516441
0.31834698
0.49989998
0.31834933
0.48335904
0.31835636
0.46681935
0.31835157
0.4502777
0.3183713
0.43374413
0.31839597
0.41721636
0.3184251
0.4006955
0.31853834
0.38423347
0.318531
0.3677044
0.31852305
0.3511734
0.31851453
0.3346405
0.31833363
0.31793362
0.31841838
0.3014837
0.31857172
0.2851302
0.31862226
0.26867378
0.31871668
0.25228637
0.31873792
0.23580974
0.3187486
0.2193206
0.31883666
0.20296001
0.31883666
0.18646336
0.31883666
0.16996664
0.31883666
0.15346998
0.31883666
0.13697332
0.31883666
0.12047666
0.31883666
0.103980005
0.31883666
0.08748335
0.31883666
0.07098669
0.31883666
0.05448997
0.31883666
0.037993312
0.31883666
0.021496654
0.31883666
0.004999995
0.33533335
0.9948
0.33533335
0.9783033
0.33533335
0.96180665
0.33533335
0.94531
0.33533335
0.92881334
0.33533335
0.9123167
0.33533335
0.89582
0.33533335
0.87932336
0.33533335
0.86282665
0.33533335
0.84633
0.33533335
0.8298333
0.33533335
0.8133367
0.33526546
0.79696214
0.3352346
0.7805112
0.33523056
0.7640111
0.33515164
0.7476225
0.33510286
0.731176
0.33496612
0.71483403
0.33488286
0.6984006
0.33504048
0.68168545
0.33504906
0.66515094
0.33505723
0.6486185
0.3350649
0.63208807
0.33494002
0.61565197
0.33490774
0.5991354
0.33489668
0.58260167
0.33487725
0.5660691
0.3348616
0.5495315
0.33485013
0.53299
0.3348431
0.5164457
0.33484074
0.49989998
0.3348431
0.48335433
0.33485013
0.46681005
0.3348616
0.4502685
0.33487725
0.4337309
0.33489668
0.41719836
0.33490774
0.40066463
0.33494002
0.384148
0.3350649
0.3677119
0.33505723
0.3511815
0.33504906
0.33464903
0.33504048
0.31811452
0.33488286
0.3013994
0.33496612
0.284966
0.33510286
0.268624
0.33515164
0.25217748
0.33523056
0.23578894
0.3352346
0.21928883
0.33526546
0.20283782
0.33533335
0.18646336
0.33533335
0.16996664
0.33533335
0.15346998
0.33533335
0.13697332
0.33533335
0.12047666
0.33533335
0.103980005
0.33533335
0.08748335
0.33533335
0.07098669
0.33533335
0.05448997
0.33533335
0.037993312
0.33533335
0.021496654
0.33533335
0.004999995
0.35183
0.9948
0.35183
0.9783033
0.35183
0.96180665
0.35183
0.94531
0.35183
0.92881334
0.35183
0.9123167
0.35183
0.89582
0.35183
0.87932336
0.35183
0.86282665
0.35183
0.84633
0.35183
0.8298333
0.35178277
0.8134364
0.35175398
0.796992
0.35174537
0.7805032
0.35172662
0.76403046
0.35163796
0.74767005
0.35152274
0.7313312
0.3514429
0.7149158
0.351565
0.69821334
0.3515734
0.681677
0.35158148
0.6651428
0.35158923
0.6486108
0.35146722
0.63219583
0.3514331
0.61568534
0.3514215
0.5991523
0.35139927
0.58262265
0.35138023
0.56608653
0.35151523
0.5494949
0.35152662
0.5329608
0.35153365
0.5164296
0.351536
0.49989998
0.35153365
0.48337042
0.35152662
0.46683925
0.35151523
0.4503051
0.35138023
0.43371344
0.35139927
0.41717738
0.3514215
0.4006477
0.3514331
0.38411462
0.35146722
0.3676042
0.35158923
0.35118926
0.35158148
0.3346572
0.3515734
0.31812304
0.351565
0.3015867
0.3514429
0.28488415
0.35152274
0.26846874
0.35163796
0.2521299
0.35172662
0.23576957
0.35174537
0.21929675
0.35175398
0.20280796
0.35178277
0.18636358
0.35183
0.16996664
0.35183
0.15346998
0.35183
0.13697332
0.35183
0.12047666
0.35183
0.103980005
0.35183
0.08748335
0.35183
0.07098669
0.35183
0.05448997
0.35183
0.037993312
0.35183
0.021496654
0.35183
0.004999995
0.36832666
0.9948
0.36832666
0.9783033
0.36832666
0.96180665
0.36832666
0.94531
0.36832666
0.92881334
0.36832666
0.9123167
0.36832666
0.89582
0.36832666
0.87932336
0.36832666
0.86282665
0.36832666
0.84633
0.36832666
0.8298333
0.36827305
0.813464
0.36824694
0.79701936
0.36824295
0.7805212
0.3681747
0.76415056
0.3681326
0.7477139
0.3680093
0.7314087
0.3680886
0.7147435
0.3680966
0.6982051
0.36810437
0.681669
0.3681119
0.66513515
0.3680042
0.6487328
0.3679697
0.6322303
0.3679565
0.6157006
0.3679326
0.5991756
0.36804888
0.58255696
0.36806744
0.5660163
0.3680826
0.5494815
0.36780614
0.5330235
0.36777997
0.516465
0.36777112
0.49989998
0.36777997
0.48333502
0.36780614
0.46677655
0.3680826
0.45031846
0.36806744
0.4337837
0.36804888
0.41724306
0.3679326
0.40062445
0.3679565
0.38409942
0.3679697
0.36756968
0.3680042
0.35106725
0.3681119
0.33466488
0.36810437
0.31813103
0.3680966
0.3015949
0.3680886
0.28505647
0.3680093
0.26839125
0.3681326
0.2520861
0.3681747
0.2356494
0.36824295
0.21927875
0.36824694
0.20278066
0.36827305
0.18633604
0.36832666
0.16996664
0.36832666
0.15346998
0.36832666
0.13697332
0.36832666
0.12047666
0.36832666
0.103980005
0.36832666
0.08748335
0.36832666
0.07098669
0.36832666
0.05448997
0.36832666
0.037993312
0.36832666
0.021496654
0.36832666
0.004999995
0.38482332
0.9948
0.38482332
0.9783033
0.38482332
0.96180665
0.38482332
0.94531
0.38482332
0.92881334
0.38482332
0.9123167
0.38482332
0.89582
0.38482332
0.87932336
0.38482332
0.86282665
0.38482332
0.84633
0.38482332
0.8298333
0.3847673
0.8134888
0.3847588
0.79700595
0.3847434
0.7805375
0.3846728
0.7641908
0.38457763
0.7478765
0.3845104
0.7314792
0.38461918
0.71473587
0.38462642
0.6981976
0.38463348
0.6816616
0.384548
0.66525996
0.38451463
0.6487669
0.38449943
0.6322435
0.38447517
0.6157248
0.38458738
0.59908223
0.38460785
0.58253723
0.38434497
0.56616
0.3842894
0.54961884
0.38424763
0.5330578
0.3842216
0.5164826
0.3842247
0.49989998
0.3842216
0.48331738
0.38424763
0.46674216
0.3842894
0.4501812
0.38434497
0.43364
0.38460785
0.41726273
0.38458738
0.40071774
0.38447517
0.38407516
0.38449943
0.3675565
0.38451463
0.3510331
0.384548
0.33454
0.38463348
0.31813836
0.38462642
0.30160242
0.38461918
0.28506416
0.3845104
0.2683208
0.38457763
0.25192344
0.3846728
0.23560917
0.3847434
0.21926248
0.3847588
0.20279402
0.3847673
0.18631124
0.38482332
0.16996664
0.38482332
0.15346998
0.38482332
0.13697332
0.38482332
0.12047666
0.38482332
0.103980005
0.38482332
0.08748335
0.38482332
0.07098669
0.38482332
0.05448997
0.38482332
0.037993312
0.38482332
0.021496654
0.38482332
0.004999995
0.40132
0.9948
0.40132
0.9783033
0.40132
0.96180665
0.40132
0.94531
0.40132
0.92881334
0.40132
0.9123167
0.40132
0.89582
0.40132
0.87932336
0.40132
0.86282665
0.40132
0.84633
0.40128544
0.8299485
0.40126505
0.81351066
0.40125984
0.79702044
0.401211
0.7806522
0.4011776
0.76422644
0.40108395
0.7479401
0.40114167
0.73126936
0.40114817
0.71472895
0.4011546
0.6981908
0.4010955
0.68177485
0.40106463
0.66529226
0.40104768
0.6487785
0.40102443
0.6322674
0.40111774
0.6156126
0.40113863
0.59906137
0.40088308
0.58274746
0.40081918
0.5662205
0.40077785
0.54966104
0.40073964
0.5330868
0.40071556
0.5164974
0.40070733
0.49989998
0.40071556
0.4833026
0.40073964
0.4667132
0.40077785
0.45013893
0.40081918
0.43357944
0.40088308
0.41705257
0.40113863
0.40073866
0.40111774
0.3841874
0.40102443
0.3675326
0.40104768
0.35102153
0.40106463
0.33450776
0.4010955
0.3180251
0.4011546
0.30160922
0.40114817
0.28507107
0.40114167
0.2685306
0.40108395
0.2518599
0.4011776
0.23557353
0.401211
0.2191478
0.40125984
0.20277953
0.40126505
0.18628937
0.40128544
0.16985148
0.40132
0.15346998
0.40132
0.13697332
0.40132
0.12047666
0.40132
0.103980005
0.40132
0.08748335
0.40132
0.07098669
0.40132
0.05448997
0.40132
0.037993312
0.40132
0.021496654
0.40132
0.004999995
0.41781667
0.9948
0.41781667
0.9783033
0.41781667
0.96180665
0.41781667
0.94531
0.41781667
0.92881334
0.41781667
0.9123167
0.41781667
0.89582
0.41781667
0.87932336
0.41781667
0.86282665
0.41781667
0.84633
0.41778317
0.8299673
0.41777453
0.8134968
0.41776308
0.79703295
0.4177167
0.7806832
0.41765237
0.76437247
0.41760162
0.74799514
0.41767025
0.73126334
0.4176758
0.71472293
0.4176813
0.69818485
0.41761634
0.68180406
0.41759834
0.6653033
0.4175774
0.64880073
0.41764304
0.6321511
0.41766277
0.6155921
0.41745257
0.5993169
0.41738686
0.58281314
0.41733956
0.5662683
0.4172921
0.5497048
0.41744044
0.53304386
0.4174489
0.5164702
0.41745186
0.49989998
0.4174489
0.48332977
0.41744044
0.46675617
0.4172921
0.45009524
0.41733956
0.43353164
0.41738686
0.41698688
0.41745257
0.40048307
0.41766277
0.38420784
0.41764304
0.3676489
0.4175774
0.3509993
0.41759834
0.33449668
0.41761634
0.31799597
0.4176813
0.30161512
0.4176758
0.2850771
0.41767025
0.2685367
0.41760162
0.25180483
0.41765237
0.23542756
0.4177167
0.2191168
0.41776308
0.20276707
0.41777453
0.1863032
0.41778317
0.16983265
0.41781667
0.15346998
0.41781667
0.13697332
0.41781667
0.12047666
0.41781667
0.103980005
0.41781667
0.08748335
0.41781667
0.07098669
0.41781667
0.05448997
0.41781667
0.037993312
0.41781667
0.021496654
0.41781667
0.004999995
0.43431333
0.9948
0.43431333
0.9783033
0.43431333
0.96180665
0.43431333
0.94531
0.43431333
0.92881334
0.43431333
0.9123167
0.43431333
0.89582
0.43431333
0.87932336
0.43431333
0.86282665
0.43431333
0.84633
0.4342834
0.82998294
0.43427745
0.8135072
0.43426818
0.79704326
0.4342273
0.78070897
0.43417034
0.7644186
0.43412903
0.74804115
0.43419763
0.7312583
0.4342022
0.71471786
0.4341665
0.6983005
0.4341441
0.68182874
0.4341309
0.6653228
0.43411344
0.6488198
0.43418372
0.63213253
0.43403998
0.61585504
0.43397945
0.59938085
0.43393165
0.58286047
0.43388212
0.5663179
0.43402147
0.5496089
0.434034
0.533033
0.43396395
0.516484
0.43396044
0.49989998
0.43396395
0.483316
0.434034
0.466767
0.43402147
0.45019114
0.43388212
0.4334821
0.43393165
0.41693956
0.43397945
0.40041918
0.43403998
0.383945
0.43418372
0.36766744
0.43411344
0.35098022
0.4341309
0.33447725
0.4341441
0.3179713
0.4341665
0.3014995
0.4342022
0.2850821
0.43419763
0.26854175
0.43412903
0.25175887
0.43417034
0.23538136
0.4342273
0.21909106
0.43426818
0.20275676
0.43427745
0.18629277
0.4342834
0.16981703
0.43431333
0.15346998
0.43431333
0.13697332
0.43431333
0.12047666
0.43431333
0.103980005
0.43431333
0.08748335
0.43431333
0.07098669
0.43431333
0.05448997
0.43431333
0.037993312
0.43431333
0.021496654
0.43431333
0.004999995
0.45081
0.9948
0.45081
0.9783033
0.45081
0.96180665
0.45081
0.94531
0.45081
0.92881334
0.45081
0.9123167
0.45081
0.89582
0.45081
0.87932336
0.45081
0.86282665
0.45081
0.84633
0.45078573
0.8299952
0.4507818
0.81351537
0.4507594
0.7971435
0.4507419
0.7807293
0.45069593
0.7644551
0.4507206
0.74779695
0.4507241
0.7312542
0.45072755
0.71471393
0.4506949
0.6983204
0.4506777
0.6818484
0.45066848
0.6653384
0.45070508
0.64868474
0.4507185
0.6321174
0.45058116
0.6159106
0.45053893
0.59942216
0.45049524
0.5829079
0.45059112
0.56617856
0.4506046
0.5495954
0.4505369
0.5330754
0.45052746
0.5164908
0.450524
0.49989998
0.45052746
0.48330915
0.4505369
0.46672463
0.4506046
0.45020455
0.45059112
0.43362147
0.45049524
0.4168921
0.45053893
0.4003778
0.45058116
0.38388944
0.4507185
0.36768264
0.45070508
0.35111523
0.45066848
0.33446163
0.4506777
0.31795156
0.4506949
0.30147958
0.45072755
0.2850861
0.4507241
0.26854575
0.4507206
0.25200307
0.45069593
0.23534495
0.4507419
0.21907073
0.4507594
0.20265651
0.4507818
0.18628466
0.45078573
0.16980481
0.45081
0.15346998
0.45081
0.13697332
0.45081
0.12047666
0.45081
0.103980005
0.45081
0.08748335
0.45081
0.07098669
0.45081
0.05448997
0.45081
0.037993312
0.45081
0.021496654
0.45081
0.004999995
0.46730667
0.9948
0.46730667
0.9783033
0.46730667
0.96180665
0.46730667
0.94531
0.46730667
0.92881334
0.46730667
0.9123167
0.46730667
0.89582
0.46730667
0.87932336
0.46730667
0.86282665
0.46730667
0.84633
0.4672896
0.83000404
0.46728724
0.81352127
0.4672713
0.7971582
0.46725953
0.78074396
0.4672273
0.7644814
0.46724746
0.74779403
0.4672498
0.73125136
0.46725217
0.71471095
0.46722752
0.69833493
0.46721935
0.68184364
0.46721002
0.66534984
0.46723926
0.64867336
0.46717653
0.63239384
0.4671422
0.6159524
0.46711323
0.59946036
0.46715617
0.58275956
0.467167
0.56616604
0.4671246
0.54966307
0.46711355
0.5330864
0.46689835
0.51660085
0.46687037
0.49989998
0.46689835
0.48319918
0.46711355
0.46671355
0.4671246
0.4501369
0.467167
0.43363398
0.46715617
0.41704047
0.46711323
0.40033966
0.4671422
0.38384765
0.46717653
0.36740613
0.46723926
0.3511266
0.46721002
0.33445013
0.46721935
0.3179564
0.46722752
0.3014651
0.46725217
0.28508902
0.4672498
0.26854867
0.46724746
0.252006
0.4672273
0.2353186
0.46725953
0.21905607
0.4672713
0.20264184
0.46728724
0.18627876
0.4672896
0.16979599
0.46730667
0.15346998
0.46730667
0.13697332
0.46730667
0.12047666
0.46730667
0.103980005
0.46730667
0.08748335
0.46730667
0.07098669
0.46730667
0.05448997
0.46730667
0.037993312
0.46730667
0.021496654
0.46730667
0.004999995
0.48380333
0.9948
0.48380333
0.9783033
0.48380333
0.96180665
0.48380333
0.94531
0.48380333
0.92881334
0.48380333
0.9123167
0.48380333
0.89582
0.48380333
0.87932336
0.48380333
0.86282665
0.4837981
0.8464402
0.48379454
0.83000934
0.48379344
0.8135248
0.48378515
0.79716706
0.48377925
0.7807528
0.48376265
0.76449734
0.48377386
0.74779224
0.48377502
0.7312496
0.4837762
0.7147092
0.48376304
0.6983437
0.48375902
0.6818507
0.4837543
0.6653569
0.4837704
0.6486664
0.483735
0.63242006
0.48371738
0.61597836
0.4837026
0.59948444
0.48372978
0.5827511
0.48371598
0.566236
0.48370916
0.54967254
0.4835992
0.53330165
0.48355046
0.5166495
0.48363334
0.49989998
0.48355046
0.48315048
0.4835992
0.46649837
0.48370916
0.45012748
0.48371598
0.43356395
0.48372978
0.41704893
0.4837026
0.40031558
0.48371738
0.3838216
0.483735
0.36737996
0.4837704
0.35113364
0.4837543
0.3344431
0.48375902
0.31794935
0.48376304
0.30145627
0.4837762
0.2850908
0.48377502
0.26855046
0.48377386
0.25200772
0.48376265
0.23530269
0.48377925
0.21904725
0.48378515
0.20263296
0.48379344
0.18627524
0.48379454
0.16979069
0.4837981
0.15335977
0.48380333
0.13697332
0.48380333
0.12047666
0.48380333
0.103980005
0.48380333
0.08748335
0.48380333
0.07098669
0.48380333
0.05448997
0.48380333
0.037993312
0.48380333
0.021496654
0.48380333
0.004999995
0.5003
0.9948
0.5003
0.9783033
0.5003
0.96180665
0.5003
0.94531
0.5003
0.92881334
0.5003
0.9123167
0.5003
0.89582
0.5003
0.87932336
0.5003
0.86282665
0.5003
0.846442
0.5003
0.8300111
0.5003
0.813526
0.5003
0.79717
0.5003
0.78075576
0.5003
0.76450264
0.5003
0.74779165
0.5003
0.731249
0.5003
0.7147086
0.5003
0.6983467
0.5003
0.68185306
0.5003
0.66535926
0.5003
0.648664
0.5003
0.6324289
0.5003
0.61597526
0.5003
0.59949267
0.5003
0.5827482
0.5003
0.5662396
0.5003
0.549676
0.5003
0.5333296
0.5003
0.51656663
0.5003
0.49989998
0.5003
0.48323333
0.5003
0.46647036
0.5003
0.45012403
0.5003
0.43356043
0.5003
0.41705185
0.5003
0.40030736
0.5003
0.3838247
0.5003
0.36737108
0.5003
0.35113603
0.5003
0.33444077
0.5003
0.31794697
0.5003
0.30145335
0.5003
0.2850914
0.5003
0.26855105
0.5003
0.25200832
0.5003
0.23529732
0.5003
0.21904427
0.5003
0.20262998
0.5003
0.18627405
0.5003
0.1697889
0.5003
0.15335798
0.5003
0.13697332
0.5003
0.12047666
0.5003
0.103980005
0.5003
0.08748335
0.5003
0.07098669
0.5003
0.05448997
0.5003
0.037993312
0.5003
0.021496654
0.5003
0.004999995
0.51679665
0.9948
0.51679665
0.9783033
0.51679665
0.96180665
0.51679665
0.94531
0.51679665
0.92881334
0.51679665
0.9123167
0.51679665
0.89582
0.51679665
0.87932336
0.51679665
0.86282665
0.5168019
0.8464402
0.51680547
0.83000934
0.51680654
0.8135248
0.5168148
0.79716706
0.5168207
0.7807528
0.51683736
0.76449734
0.51682615
0.74779224
0.51682496
0.7312496
0.51682377
0.7147092
0.516837
0.6983437
0.516841
0.6818507
0.5168457
0.6653569
0.5168296
0.6486664
0.516865
0.63242006
0.5168826
0.61597836
0.5168974
0.59948444
0.5168702
0.5827511
0.516884
0.566236
0.5168908
0.54967254
0.51700085
0.53330165
0.51704955
0.5166495
0.51696664
0.49989998
0.51704955
0.48315048
0.51700085
0.46649837
0.5168908
0.45012748
0.516884
0.43356395
0.5168702
0.41704893
0.5168974
0.40031558
0.5168826
0.3838216
0.516865
0.36737996
0.5168296
0.35113364
0.5168457
0.3344431
0.516841
0.31794935
0.516837
0.30145627
0.51682377
0.2850908
0.51682496
0.26855046
0.51682615
0.25200772
0.51683736
0.23530269
0.5168207
0.21904725
0.5168148
0.20263296
0.51680654
0.18627524
0.51680547
0.16979069
0.5168019
0.15335977
0.51679665
0.13697332
0.51679665
0.12047666
0.51679665
0.103980005
0.51679665
0.08748335
0.51679665
0.07098669
0.51679665
0.05448997
0.51679665
0.037993312
0.51679665
0.021496654
0.51679665
0.004999995
0.5332933
0.9948
0.5332933
0.9783033
0.5332933
0.96180665
0.5332933
0.94531
0.5332933
0.92881334
0.5332933
0.9123167
0.5332933
0.89582
0.5332933
0.87932336
0.5332933
0.86282665
0.5332933
0.84633
0.5333104
0.83000404
0.53331274
0.81352127
0.5333287
0.7971582
0.53334045
0.78074396
0.5333727
0.7644814
0.53335255
0.74779403
0.53335017
0.73125136
0.53334785
0.71471095
0.53337246
0.69833493
0.5333807
0.68184364
0.53339
0.66534984
0.5333607
0.64867336
0.5334235
0.63239384
0.5334578
0.6159524
0.5334868
0.59946036
0.5334438
0.58275956
0.533433
0.56616604
0.5334754
0.54966307
0.5334864
0.5330864
0.53370166
0.51660085
0.5337296
0.49989998
0.53370166
0.48319918
0.5334864
0.46671355
0.5334754
0.4501369
0.533433
0.43363398
0.5334438
0.41704047
0.5334868
0.40033966
0.5334578
0.38384765
0.5334235
0.36740613
0.5333607
0.3511266
0.53339
0.33445013
0.5333807
0.3179564
0.53337246
0.3014651
0.53334785
0.28508902
0.53335017
0.26854867
0.53335255
0.252006
0.5333727
0.2353186
0.53334045
0.21905607
0.5333287
0.20264184
0.53331274
0.18627876
0.5333104
0.16979599
0.5332933
0.15346998
0.5332933
0.13697332
0.5332933
0.12047666
0.5332933
0.103980005
0.5332933
0.08748335
0.5332933
0.07098669
0.5332933
0.05448997
0.5332933
0.037993312
0.5332933
0.021496654
0.5332933
0.004999995
0.54979
0.9948
0.54979
0.9783033
0.54979
0.96180665
0.54979
0.94531
0.54979
0.92881334
0.54979
0.9123167
0.54979
0.89582
0.54979
0.87932336
0.54979
0.86282665
0.54979
0.84633
0.5498143
0.8299952
0.5498182
0.81351537
0.54984057
0.7971435
0.5498581
0.7807293
0.54990405
0.7644551
0.5498794
0.74779695
0.5498759
0.7312542
0.54987246
0.71471393
0.5499051
0.6983204
0.5499223
0.6818484
0.5499315
0.6653384
0.5498949
0.64868474
0.5498815
0.6321174
0.55001885
0.6159106
0.5500611
0.59942216
0.55010474
0.5829079
0.5500089
0.56617856
0.5499954
0.5495954
0.5500631
0.5330754
0.55007255
0.5164908
0.550076
0.49989998
0.55007255
0.48330915
0.5500631
0.46672463
0.5499954
0.45020455
0.5500089
0.43362147
0.55010474
0.4168921
0.5500611
0.4003778
0.55001885
0.38388944
0.5498815
0.36768264
0.5498949
0.35111523
0.5499315
0.33446163
0.5499223
0.31795156
0.5499051
0.30147958
0.54987246
0.2850861
0.5498759
0.26854575
0.5498794
0.25200307
0.54990405
0.23534495
0.5498581
0.21907073
0.54984057
0.20265651
0.5498182
0.18628466
0.5498143
0.16980481
0.54979
0.15346998
0.54979
0.13697332
0.54979
0.12047666
0.54979
0.103980005
0.54979
0.08748335
0.54979
0.07098669
0.54979
0.05448997
0.54979
0.037993312
0.54979
0.021496654
0.54979
0.004999995
0.5662867
0.9948
0.5662867
0.9783033
0.5662867
0.96180665
0.5662867
0.94531
0.5662867
0.92881334
0.5662867
0.9123167
0.5662867
0.89582
0.5662867
0.87932336
0.5662867
0.86282665
0.5662867
0.84633
0.5663166
0.82998294
0.56632257
0.8135072
0.56633186
0.79704326
0.5663727
0.78070897
0.5664297
0.7644186
0.566471
0.74804115
0.5664024
0.7312583
0.5663978
0.71471786
0.5664335
0.6983005
0.5664559
0.68182874
0.5664691
0.6653228
0.5664866
0.6488198
0.56641626
0.63213253
0.56656003
0.61585504
0.5666205
0.59938085
0.56666833
0.58286047
0.56671786
0.5663179
0.5665785
0.5496089
0.566566
0.533033
0.566636
0.516484
0.56663954
0.49989998
0.566636
0.483316
0.566566
0.466767
0.5665785
0.45019114
0.56671786
0.4334821
0.56666833
0.41693956
0.5666205
0.40041918
0.56656003
0.383945
0.56641626
0.36766744
0.5664866
0.35098022
0.5664691
0.33447725
0.5664559
0.3179713
0.5664335
0.3014995
0.5663978
0.2850821
0.5664024
0.26854175
0.566471
0.25175887
0.5664297
0.23538136
0.5663727
0.21909106
0.56633186
0.20275676
0.56632257
0.18629277
0.5663166
0.16981703
0.5662867
0.15346998
0.5662867
0.13697332
0.5662867
0.12047666
0.5662867
0.103980005
0.5662867
0.08748335
0.5662867
0.07098669
0.5662867
0.05448997
0.5662867
0.037993312
0.5662867
0.021496654
0.5662867
0.004999995
0.58278334
0.9948
0.58278334
0.9783033
0.58278334
0.96180665
0.58278334
0.94531
0.58278334
0.92881334
0.58278334
0.9123167
0.58278334
0.89582
0.58278334
0.87932336
0.58278334
0.86282665
0.58278334
0.84633
0.58281684
0.8299673
0.5828255
0.8134968
0.5828369
0.79703295
0.5828833
0.7806832
0.5829476
0.76437247
0.5829984
0.74799514
0.5829298
0.73126334
0.5829242
0.71472293
0.5829187
0.69818485
0.5829837
0.68180406
0.5830017
0.6653033
0.5830226
0.64880073
0.58295697
0.6321511
0.58293724
0.6155921
0.5831474
0.5993169
0.58321315
0.58281314
0.5832604
0.5662683
0.5833079
0.5497048
0.58315957
0.53304386
0.5831511
0.5164702
0.5831481
0.49989998
0.5831511
0.48332977
0.58315957
0.46675617
0.5833079
0.45009524
0.5832604
0.43353164
0.58321315
0.41698688
0.5831474
0.40048307
0.58293724
0.38420784
0.58295697
0.3676489
0.5830226
0.3509993
0.5830017
0.33449668
0.5829837
0.31799597
0.5829187
0.30161512
0.5829242
0.2850771
0.5829298
0.2685367
0.5829984
0.25180483
0.5829476
0.23542756
0.5828833
0.2191168
0.5828369
0.20276707
0.5828255
0.1863032
0.58281684
0.16983265
0.58278334
0.15346998
0.58278334
0.13697332
0.58278334
0.12047666
0.58278334
0.103980005
0.58278334
0.08748335
0.58278334
0.07098669
0.58278334
0.05448997
0.58278334
0.037993312
0.58278334
0.021496654
0.58278334
0.004999995
0.59928
0.9948
0.59928
0.9783033
0.59928
0.96180665
0.59928
0.94531
0.59928
0.92881334
0.59928
0.9123167
0.59928
0.89582
0.59928
0.87932336
0.59928
0.86282665
0.59928
0.84633
0.5993146
0.8299485
0.59933496
0.81351066
0.59934014
0.79702044
0.599389
0.7806522
0.59942245
0.76422644
0.59951603
0.7479401
0.59945834
0.73126936
0.59945184
0.71472895
0.5994454
0.6981908
0.5995045
0.68177485
0.59953535
0.66529226
0.59955233
0.6487785
0.5995756
0.6322674
0.59948224
0.6156126
0.5994614
0.59906137
0.5997169
0.58274746
0.5997808
0.5662205
0.59982216
0.54966104
0.59986037
0.5330868
0.59988445
0.5164974
0.5998927
0.49989998
0.59988445
0.4833026
0.59986037
0.4667132
0.59982216
0.45013893
0.5997808
0.43357944
0.5997169
0.41705257
0.5994614
0.40073866
0.59948224
0.3841874
0.5995756
0.3675326
0.59955233
0.35102153
0.59953535
0.33450776
0.5995045
0.3180251
0.5994454
0.30160922
0.59945184
0.28507107
0.59945834
0.2685306
0.59951603
0.2518599
0.59942245
0.23557353
0.599389
0.2191478
0.59934014
0.20277953
0.59933496
0.18628937
0.5993146
0.16985148
0.59928
0.15346998
0.59928
0.13697332
0.59928
0.12047666
0.59928
0.103980005
0.59928
0.08748335
0.59928
0.07098669
0.59928
0.05448997
0.59928
0.037993312
0.59928
0.021496654
0.59928
0.004999995
0.61577666
0.9948
0.61577666
0.9783033
0.61577666
0.96180665
0.61577666
0.94531
0.61577666
0.92881334
0.61577666
0.9123167
0.61577666
0.89582
0.61577666
0.87932336
0.61577666
0.86282665
0.61577666
0.84633
0.61577666
0.8298333
0.6158327
0.8134888
0.6158412
0.79700595
0.6158566
0.7805375
0.6159272
0.7641908
0.6160224
0.7478765
0.61608964
0.7314792
0.6159808
0.71473587
0.6159736
0.6981976
0.6159665
0.6816616
0.616052
0.66525996
0.61608535
0.6487669
0.61610055
0.6322435
0.6161248
0.6157248
0.61601263
0.59908223
0.6159921
0.58253723
0.61625504
0.56616
0.6163106
0.54961884
0.6163524
0.5330578
0.61637837
0.5164826
0.61637527
0.49989998
0.61637837
0.48331738
0.6163524
0.46674216
0.6163106
0.4501812
0.61625504
0.43364
0.6159921
0.41726273
0.61601263
0.40071774
0.6161248
0.38407516
0.61610055
0.3675565
0.61608535
0.3510331
0.616052
0.33454
0.6159665
0.31813836
0.6159736
0.30160242
0.6159808
0.28506416
0.61608964
0.2683208
0.6160224
0.25192344
0.6159272
0.23560917
0.6158566
0.21926248
0.6158412
0.20279402
0.6158327
0.18631124
0.61577666
0.16996664
0.61577666
0.15346998
0.61577666
0.13697332
0.61577666
0.12047666
0.61577666
0.103980005
0.61577666
0.08748335
0.61577666
0.07098669
0.61577666
0.05448997
0.61577666
0.037993312
0.61577666
0.021496654
0.61577666
0.004999995
0.6322733
0.9948
0.6322733
0.9783033
0.6322733
0.96180665
0.6322733
0.94531
0.6322733
0.92881334
0.6322733
0.9123167
0.6322733
0.89582
0.6322733
0.87932336
0.6322733
0.86282665
0.6322733
0.84633
0.6322733
0.8298333
0.63232696
0.813464
0.63235307
0.79701936
0.63235706
0.7805212
0.6324253
0.76415056
0.6324674
0.7477139
0.6325907
0.7314087
0.6325114
0.7147435
0.6325034
0.6982051
0.63249564
0.681669
0.6324881
0.66513515
0.6325958
0.6487328
0.6326303
0.6322303
0.6326435
0.6157006
0.6326674
0.5991756
0.63255113
0.58255696
0.63253254
0.5660163
0.6325174
0.5494815
0.63279384
0.5330235
0.63282
0.516465
0.6328289
0.49989998
0.63282
0.48333502
0.63279384
0.46677655
0.6325174
0.45031846
0.63253254
0.4337837
0.63255113
0.41724306
0.6326674
0.40062445
0.6326435
0.38409942
0.6326303
0.36756968
0.6325958
0.35106725
0.6324881
0.33466488
0.63249564
0.31813103
0.6325034
0.3015949
0.6325114
0.28505647
0.6325907
0.26839125
0.6324674
0.2520861
0.6324253
0.2356494
0.63235706
0.21927875
0.63235307
0.20278066
0.63232696
0.18633604
0.6322733
0.16996664
0.6322733
0.15346998
0.6322733
0.13697332
0.6322733
0.12047666
0.6322733
0.103980005
0.6322733
0.08748335
0.6322733
0.07098669
0.6322733
0.05448997
0.6322733
0.037993312
0.6322733
0.021496654
0.6322733
0.004999995
0.64877
0.9948
0.64877
0.9783033
0.64877
0.96180665
0.64877
0.94531
0.64877
0.92881334
0.64877
0.9123167
0.64877
0.89582
0.64877
0.87932336
0.64877
0.86282665
0.64877
0.84633
0.64877
0.8298333
0.64881724
0.8134364
0.64884603
0.796992
0.6488547
0.7805032
0.6488734
0.76403046
0.648962
0.74767005
0.64907724
0.7313312
0.6491571
0.7149158
0.649035
0.69821334
0.6490266
0.681677
0.6490185
0.6651428
0.6490108
0.6486108
0.6491328
0.63219583
0.6491669
0.61568534
0.6491785
0.5991523
0.64920074
0.58262265
0.6492198
0.56608653
0.64908475
0.5494949
0.64907336
0.5329608
0.6490664
0.5164296
0.649064
0.49989998
0.6490664
0.48337042
0.64907336
0.46683925
0.64908475
0.4503051
0.6492198
0.43371344
0.64920074
0.41717738
0.6491785
0.4006477
0.6491669
0.38411462
0.6491328
0.3676042
0.6490108
0.35118926
0.6490185
0.3346572
0.6490266
0.31812304
0.649035
0.3015867
0.6491571
0.28488415
0.64907724
0.26846874
0.648962
0.2521299
0.6488734
0.23576957
0.6488547
0.21929675
0.64884603
0.20280796
0.64881724
0.18636358
0.64877
0.16996664
0.64877
0.15346998
0.64877
0.13697332
0.64877
0.12047666
0.64877
0.103980005
0.64877
0.08748335
0.64877
0.07098669
0.64877
0.05448997
0.64877
0.037993312
0.64877
0.021496654
0.64877
0.004999995
0.6652667
0.9948
0.6652667
0.9783033
0.6652667
0.96180665
0.6652667
0.94531
0.6652667
0.92881334
0.6652667
0.9123167
0.6652667
0.89582
0.6652667
0.87932336
0.6652667
0.86282665
0.6652667
0.84633
0.6652667
0.8298333
0.6652667
0.8133367
0.6653345
0.79696214
0.6653654
0.7805112
0.66536945
0.7640111
0.66544837
0.7476225
0.6654971
0.731176
0.66563386
0.71483403
0.6657171
0.6984006
0.66555953
0.68168545
0.66555095
0.66515094
0.6655428
0.6486185
0.6655351
0.63208807
0.66565996
0.61565197
0.66569227
0.5991354
0.6657033
0.58260167
0.6657227
0.5660691
0.6657384
0.5495315
0.66574985
0.53299
0.6657569
0.5164457
0.66575927
0.49989998
0.6657569
0.48335433
0.66574985
0.46681005
0.6657384
0.4502685
0.6657227
0.4337309
0.6657033
0.41719836
0.66569227
0.40066463
0.66565996
0.384148
0.6655351
0.3677119
0.6655428
0.3511815
0.66555095
0.33464903
0.66555953
0.31811452
0.6657171
0.3013994
0.66563386
0.284966
0.6654971
0.268624
0.66544837
0.25217748
0.66536945
0.23578894
0.6653654
0.21928883
0.6653345
0.20283782
0.6652667
0.18646336
0.6652667
0.16996664
0.6652667
0.15346998
0.6652667
0.13697332
0.6652667
0.12047666
0.6652667
0.103980005
0.6652667
0.08748335
0.6652667
0.07098669
0.6652667
0.05448997
0.6652667
0.037993312
0.6652667
0.021496654
0.6652667
0.004999995
0.68176335
0.9948
0.68176335
0.9783033
0.68176335
0.96180665
0.68176335
0.94531
0.68176335
0.92881334
0.68176335
0.9123167
0.68176335
0.89582
0.68176335
0.87932336
0.68176335
0.86282665
0.68176335
0.84633
0.68176335
0.8298333
0.68176335
0.8133367
0.68176335
0.79684
0.6818514
0.78047943
0.68186206
0.7639903
0.68188334
0.74751365
0.68197775
0.7311262
0.6820283
0.71466976
0.6821816
0.69831634
0.6822664
0.6818664
0.68208545
0.6651595
0.68207693
0.64862657
0.682069
0.63209563
0.6820617
0.6155665
0.6821749
0.5991045
0.682204
0.58258367
0.6822287
0.5660559
0.6822484
0.5495223
0.68224365
0.5329807
0.6822507
0.516441
0.68225306
0.49989998
0.6822507
0.48335904
0.68224365
0.46681935
0.6822484
0.4502777
0.6822287
0.43374413
0.682204
0.41721636
0.6821749
0.4006955
0.6820617
0.38423347
0.682069
0.3677044
0.68207693
0.3511734
0.68208545
0.3346405
0.6822664
0.31793362
0.6821816
0.3014837
0.6820283
0.2851302
0.68197775
0.26867378
0.68188334
0.25228637
0.68186206
0.23580974
0.6818514
0.2193206
0.68176335
0.20296001
0.68176335
0.18646336
0.68176335
0.16996664
0.68176335
0.15346998
0.68176335
0.13697332
0.68176335
0.12047666
0.68176335
0.103980005
0.68176335
0.08748335
0.68176335
0.07098669
0.68176335
0.05448997
0.68176335
0.037993312
0.68176335
0.021496654
0.68176335
0.004999995
0.69826
0.9948
0.69826
0.9783033
0.69826
0.96180665
0.69826
0.94531
0.69826
0.92881334
0.69826
0.9123167
0.69826
0.89582
0.69826
0.87932336
0.69826
0.86282665
0.69826
0.84633
0.69826
0.8298333
0.69826
0.8133367
0.69826
0.79684
0.6983322
0.7804456
0.69836664
0.76398885
0.6983736
0.74749196
0.6983955
0.7310114
0.69850194
0.71461874
0.6985532
0.6981532
0.6987163
0.68178165
0.69880056
0.6653172
0.69861335
0.648635
0.6986051
0.63210344
0.6985976
0.6155736
0.6985908
0.5990454
0.6985849
0.5825187
0.6987005
0.5660335
0.6987204
0.5495051
0.6987349
0.53297246
0.6987437
0.51643693
0.6987467
0.49989998
0.6987437
0.48336303
0.6987349
0.4668275
0.6987204
0.4502949
0.6987005
0.43376648
0.6985849
0.41728127
0.6985908
0.40075457
0.6985976
0.38422638
0.6986051
0.36769658
0.69861335
0.351165
0.69880056
0.33448285
0.6987163
0.31801838
0.6985532
0.30164677
0.69850194
0.28518128
0.6983955
0.26878858
0.6983736
0.252308
0.69836664
0.23581111
0.6983322
0.21935445
0.69826
0.20296001
0.69826
0.18646336
0.69826
0.16996664
0.69826
0.15346998
0.69826
0.13697332
0.69826
0.12047666
0.69826
0.103980005
0.69826
0.08748335
0.69826
0.07098669
0.69826
0.05448997
0.69826
0.037993312
0.69826
0.021496654
0.69826
0.004999995
0.71475667
0.9948
0.71475667
0.9783033
0.71475667
0.96180665
0.71475667
0.94531
0.71475667
0.92881334
0.71475667
0.9123167
0.71475667
0.89582
0.71475667
0.87932336
0.71475667
0.86282665
0.71475667
0.84633
0.71475667
0.8298333
0.71475667
0.8133367
0.71475667
0.79684
0.71475667
0.78034335
0.71484375
0.76395386
0.71487916
0.74749136
0.71488297
0.73098934
0.71490514
0.71450514
0.71501875
0.6981019
0.7150698
0.6816282
0.71523404
0.66523385
0.7153158
0.6487571
0.7151435
0.63211143
0.7151358
0.6155808
0.71512896
0.59905183
0.71512294
0.5825242
0.7151179
0.56599784
0.7151139
0.54947245
0.71511096
0.53294784
0.7151092
0.5164238
0.71510863
0.49989998
0.7151092
0.4833762
0.71511096
0.46685213
0.7151139
0.45032758
0.7151179
0.4338022
0.71512294
0.4172758
0.71512896
0.4007482
0.7151358
0.38421917
0.7151435
0.3676886
0.7153158
0.35104287
0.71523404
0.33456612
0.7150698
0.31817174
0.71501875
0.3016981
0.71490514
0.28529483
0.71488297
0.2688107
0.71487916
0.2523086
0.71484375
0.2358461
0.71475667
0.21945667
0.71475667
0.20296001
0.71475667
0.18646336
0.71475667
0.16996664
0.71475667
0.15346998
0.71475667
0.13697332
0.71475667
0.12047666
0.71475667
0.103980005
0.71475667
0.08748335
0.71475667
0.07098669
0.71475667
0.05448997
0.71475667
0.037993312
0.71475667
0.021496654
0.71475667
0.004999995
0.7312533
0.9948
0.7312533
0.9783033
0.7312533
0.96180665
0.7312533
0.94531
0.7312533
0.92881334
0.7312533
0.9123167
0.7312533
0.89582
0.7312533
0.87932336
0.7312533
0.86282665
0.7312533
0.84633
0.7312533
0.8298333
0.7312533
0.8133367
0.7312533
0.79684
0.7312533
0.78034335
0.7312533
0.76384664
0.731352
0.7474557
0.7313878
0.7309878
0.73138934
0.71448296
0.73141146
0.69799554
0.7315262
0.68157774
0.73157597
0.6650971
0.73173124
0.64867723
0.7318087
0.6321907
0.73187923
0.61568964
0.7316694
0.5990583
0.73166335
0.5825298
0.7316583
0.56600237
0.7316542
0.5494759
0.7316513
0.53295016
0.7316496
0.51642495
0.731649
0.49989998
0.7316496
0.483375
0.7316513
0.4668498
0.7316542
0.45032412
0.7316583
0.43379766
0.73166335
0.41727024
0.7316694
0.4007417
0.73187923
0.3841104
0.7318087
0.36760926
0.73173124
0.35112274
0.73157597
0.33470285
0.7315262
0.31822228
0.73141146
0.30180448
0.73138934
0.28531706
0.7313878
0.26881224
0.731352
0.2523443
0.7312533
0.23595333
0.7312533
0.21945667
0.7312533
0.20296001
0.7312533
0.18646336
0.7312533
0.16996664
0.7312533
0.15346998
0.7312533
0.13697332
0.7312533
0.12047666
0.7312533
0.103980005
0.7312533
0.08748335
0.7312533
0.07098669
0.7312533
0.05448997
0.7312533
0.037993312
0.7312533
0.021496654
0.7312533
0.004999995
0.74775
0.9948
0.74775
0.9783033
0.74775
0.96180665
0.74775
0.94531
0.74775
0.92881334
0.74775
0.9123167
0.74775
0.89582
0.74775
0.87932336
0.74775
0.86282665
0.74775
0.84633
0.74775
0.8298333
0.74775
0.8133367
0.74775
0.79684
0.74775
0.78034335
0.74775
0.76384664
0.74775
0.74735
0.74785566
0.73095196
0.74789137
0.7144792
0.747892
0.6979736
0.7479136
0.6814833
0.74802256
0.66504836
0.74807006
0.6485621
0.7481139
0.63206744
0.74827653
0.6156224
0.74834013
0.5991161
0.7483952
0.5825984
0.74844116
0.566071
0.74819696
0.54947937
0.74819404
0.53295255
0.74819225
0.51642615
0.74819165
0.49989998
0.74819225
0.48337382
0.74819404
0.46684748
0.74819696
0.4503206
0.74844116
0.43372905
0.7483952
0.41720158
0.74834013
0.40068394
0.74827653
0.38417763
0.7481139
0.36773258
0.74807006
0.35123795
0.74802256
0.33475167
0.7479136
0.3183167
0.747892
0.30182642
0.74789137
0.28532082
0.74785566
0.268848
0.74775
0.25245
0.74775
0.23595333
0.74775
0.21945667
0.74775
0.20296001
0.74775
0.18646336
0.74775
0.16996664
0.74775
0.15346998
0.74775
0.13697332
0.74775
0.12047666
0.74775
0.103980005
0.74775
0.08748335
0.74775
0.07098669
0.74775
0.05448997
0.74775
0.037993312
0.74775
0.021496654
0.74775
0.004999995
0.76424664
0.9948
0.76424664
0.9783033
0.76424664
0.96180665
0.76424664
0.94531
0.76424664
0.92881334
0.76424664
0.9123167
0.76424664
0.89582
0.76424664
0.87932336
0.76424664
0.86282665
0.76424664
0.84633
0.76424664
0.8298333
0.76424664
0.8133367
0.76424664
0.79684
0.76424664
0.78034335
0.76424664
0.76384664
0.76424664
0.74735
0.76424664
0.7308533
0.7643539
0.7144438
0.76438886
0.6979667
0.7643903
0.68146205
0.7644111
0.66496944
0.76443046
0.6484734
0.76455057
0.63202524
0.7645908
0.6155272
0.76462644
0.5990224
0.7647724
0.58254766
0.7648186
0.56602967
0.7648551
0.54950404
0.76488143
0.5329727
0.76489735
0.5164373
0.76490265
0.49989998
0.76489735
0.48336267
0.76488143
0.46682733
0.7648551
0.45029593
0.7648186
0.43377036
0.7647724
0.41725236
0.76462644
0.40077758
0.7645908
0.38427275
0.76455057
0.36777472
0.76443046
0.35132664
0.7644111
0.33483058
0.7643903
0.31833792
0.76438886
0.30183333
0.7643539
0.28535622
0.76424664
0.26894665
0.76424664
0.25245
0.76424664
0.23595333
0.76424664
0.21945667
0.76424664
0.20296001
0.76424664
0.18646336
0.76424664
0.16996664
0.76424664
0.15346998
0.76424664
0.13697332
0.76424664
0.12047666
0.76424664
0.103980005
0.76424664
0.08748335
0.76424664
0.07098669
0.76424664
0.05448997
0.76424664
0.037993312
0.76424664
0.021496654
0.76424664
0.004999995
0.78074336
0.9948
0.78074336
0.9783033
0.78074336
0.96180665
0.78074336
0.94531
0.78074336
0.92881334
0.78074336
0.9123167
0.78074336
0.89582
0.78074336
0.87932336
0.78074336
0.86282665
0.78074336
0.84633
0.78074336
0.8298333
0.78074336
0.8133367
0.78074336
0.79684
0.78074336
0.78034335
0.78074336
0.76384664
0.78074336
0.74735
0.78074336
0.7308533
0.78074336
0.71435666
0.7808456
0.6979321
0.78087944
0.6814514
0.7809112
0.6649654
0.7809032
0.64845467
0.7809212
0.63195705
0.7809375
0.6154566
0.78105223
0.598989
0.7810832
0.5824833
0.781109
0.5659727
0.7811293
0.54945815
0.7811439
0.5329405
0.7811528
0.5164207
0.78115577
0.49989998
0.7811528
0.48337924
0.7811439
0.46685952
0.7811293
0.45034188
0.781109
0.43382728
0.7810832
0.41731673
0.78105223
0.40081102
0.7809375
0.3843434
0.7809212
0.36784297
0.7809032
0.35134536
0.7809112
0.33483458
0.78087944
0.3183486
0.7808456
0.30186784
0.78074336
0.2854433
0.78074336
0.26894665
0.78074336
0.25245
0.78074336
0.23595333
0.78074336
0.21945667
0.78074336
0.20296001
0.78074336
0.18646336
0.78074336
0.16996664
0.78074336
0.15346998
0.78074336
0.13697332
0.78074336
0.12047666
0.78074336
0.103980005
0.78074336
0.08748335
0.78074336
0.07098669
0.78074336
0.05448997
0.78074336
0.037993312
0.78074336
0.021496654
0.78074336
0.004999995
0.79724
0.9948
0.79724
0.9783033
0.79724
0.96180665
0.79724
0.94531
0.79724
0.92881334
0.79724
0.9123167
0.79724
0.89582
0.79724
0.87932336
0.79724
0.86282665
0.79724
0.84633
0.79724
0.8298333
0.79724
0.8133367
0.79724
0.79684
0.79724
0.78034335
0.79724
0.76384664
0.79724
0.74735
0.79724
0.7308533
0.79724
0.71435666
0.79724
0.69786
0.79724
0.68136334
0.79736215
0.6649345
0.797392
0.648446
0.79741937
0.631953
0.79740596
0.6154412
0.79742044
0.59894013
0.7974329
0.5824369
0.7974433
0.5659318
0.7975435
0.5494406
0.7975582
0.5329287
0.797567
0.5164148
0.79757
0.49989998
0.797567
0.48338515
0.7975582
0.46687132
0.7975435
0.4503594
0.7974433
0.43386817
0.7974329
0.4173631
0.79742044
0.40085983
0.79740596
0.38435876
0.79741937
0.36784697
0.797392
0.351354
0.79736215
0.33486545
0.79724
0.31843668
0.79724
0.30194002
0.79724
0.2854433
0.79724
0.26894665
0.79724
0.25245
0.79724
0.23595333
0.79724
0.21945667
0.79724
0.20296001
0.79724
0.18646336
0.79724
0.16996664
0.79724
0.15346998
0.79724
0.13697332
0.79724
0.12047666
0.79724
0.103980005
0.79724
0.08748335
0.79724
0.07098669
0.79724
0.05448997
0.79724
0.037993312
0.79724
0.021496654
0.79724
0.004999995
0.8137367
0.9948
0.8137367
0.9783033
0.8137367
0.96180665
0.8137367
0.94531
0.8137367
0.92881334
0.8137367
0.9123167
0.8137367
0.89582
0.8137367
0.87932336
0.8137367
0.86282665
0.8137367
0.84633
0.8137367
0.8298333
0.8137367
0.8133367
0.8137367
0.79684
0.8137367
0.78034335
0.8137367
0.76384664
0.8137367
0.74735
0.8137367
0.7308533
0.8137367
0.71435666
0.8137367
0.69786
0.8137367
0.68136334
0.8137367
0.6648667
0.8138364
0.64841723
0.813864
0.6319269
0.8138888
0.61543274
0.8139106
0.59893495
0.81389683
0.5824255
0.8139072
0.56592256
0.8139154
0.5494182
0.8139212
0.53291273
0.8139248
0.51640654
0.813926
0.49989998
0.8139248
0.48339343
0.8139212
0.46688724
0.8139154
0.45038176
0.8139072
0.4338774
0.81389683
0.4173745
0.8139106
0.40086508
0.8138888
0.3843673
0.813864
0.36787307
0.8138364
0.35138273
0.8137367
0.33493334
0.8137367
0.31843668
0.8137367
0.30194002
0.8137367
0.2854433
0.8137367
0.26894665
0.8137367
0.25245
0.8137367
0.23595333
0.8137367
0.21945667
0.8137367
0.20296001
0.8137367
0.18646336
0.8137367
0.16996664
0.8137367
0.15346998
0.8137367
0.13697332
0.8137367
0.12047666
0.8137367
0.103980005
0.8137367
0.08748335
0.8137367
0.07098669
0.8137367
0.05448997
0.8137367
0.037993312
0.8137367
0.021496654
0.8137367
0.004999995
0.83023334
0.9948
0.83023334
0.9783033
0.83023334
0.96180665
0.83023334
0.94531
0.83023334
0.92881334
0.83023334
0.9123167
0.83023334
0.89582
0.83023334
0.87932336
0.83023334
0.86282665
0.83023334
0.84633
0.83023334
0.8298333
0.83023334
0.8133367
0.83023334
0.79684
0.83023334
0.78034335
0.83023334
0.76384664
0.83023334
0.74735
0.83023334
0.7308533
0.83023334
0.71435666
0.83023334
0.69786
0.83023334
0.68136334
0.83023334
0.6648667
0.83023334
0.64837
0.83023334
0.63187337
0.83023334
0.6153767
0.8303485
0.5989145
0.8303673
0.58241683
0.83038294
0.5659166
0.8303952
0.5494143
0.83040404
0.5329104
0.83040935
0.51640546
0.83041114
0.49989998
0.83040935
0.4833945
0.83040404
0.46688962
0.8303952
0.45038575
0.83038294
0.43388343
0.8303673
0.4173832
0.8303485
0.40088546
0.83023334
0.38442332
0.83023334
0.36792666
0.83023334
0.35143
0.83023334
0.33493334
0.83023334
0.31843668
0.83023334
0.30194002
0.83023334
0.2854433
0.83023334
0.26894665
0.83023334
0.25245
0.83023334
0.23595333
0.83023334
0.21945667
0.83023334
0.20296001
0.83023334
0.18646336
0.83023334
0.16996664
0.83023334
0.15346998
0.83023334
0.13697332
0.83023334
0.12047666
0.83023334
0.103980005
0.83023334
0.08748335
0.83023334
0.07098669
0.83023334
0.05448997
0.83023334
0.037993312
0.83023334
0.021496654
0.83023334
0.004999995
0.84673
0.9948
0.84673
0.9783033
0.84673
0.96180665
0.84673
0.94531
0.84673
0.92881334
0.84673
0.9123167
0.84673
0.89582
0.84673
0.87932336
0.84673
0.86282665
0.84673
0.84633
0.84673
0.8298333
0.84673
0.8133367
0.84673
0.79684
0.84673
0.78034335
0.84673
0.76384664
0.84673
0.74735
0.84673
0.7308533
0.84673
0.71435666
0.84673
0.69786
0.84673
0.68136334
0.84673
0.6648667
0.84673
0.64837
0.84673
0.63187337
0.84673
0.6153767
0.84673
0.59888
0.84673
0.58238333
0.84673
0.5658867
0.84673
0.54938996
0.84673
0.5328933
0.8468402
0.5164019
0.846842
0.49989998
0.8468402
0.48339808
0.84673
0.46690667
0.84673
0.45041
0.84673
0.43391335
0.84673
0.4174167
0.84673
0.40091997
0.84673
0.38442332
0.84673
0.36792666
0.84673
0.35143
0.84673
0.33493334
0.84673
0.31843668
0.84673
0.30194002
0.84673
0.2854433
0.84673
0.26894665
0.84673
0.25245
0.84673
0.23595333
0.84673
0.21945667
0.84673
0.20296001
0.84673
0.18646336
0.84673
0.16996664
0.84673
0.15346998
0.84673
0.13697332
0.84673
0.12047666
0.84673
0.103980005
0.84673
0.08748335
0.84673
0.07098669
0.84673
0.05448997
0.84673
0.037993312
0.84673
0.021496654
0.84673
0.004999995
0.86322665
0.9948
0.86322665
0.9783033
0.86322665
0.96180665
0.86322665
0.94531
0.86322665
0.92881334
0.86322665
0.9123167
0.86322665
0.89582
0.86322665
0.87932336
0.86322665
0.86282665
0.86322665
0.84633
0.86322665
0.8298333
0.86322665
0.8133367
0.86322665
0.79684
0.86322665
0.78034335
0.86322665
0.76384664
0.86322665
0.74735
0.86322665
0.7308533
0.86322665
0.71435666
0.86322665
0.69786
0.86322665
0.68136334
0.86322665
0.6648667
0.86322665
0.64837
0.86322665
0.63187337
0.86322665
0.6153767
0.86322665
0.59888
0.86322665
0.58238333
0.86322665
0.5658867
0.86322665
0.54938996
0.86322665
0.5328933
0.86322665
0.51639664
0.86322665
0.49989998
0.86322665
0.48340333
0.86322665
0.46690667
0.86322665
0.45041
0.86322665
0.43391335
0.86322665
0.4174167
0.86322665
0.40091997
0.86322665
0.38442332
0.86322665
0.36792666
0.86322665
0.35143
0.86322665
0.33493334
0.86322665
0.31843668
0.86322665
0.30194002
0.86322665
0.2854433
0.86322665
0.26894665
0.86322665
0.25245
0.86322665
0.23595333
0.86322665
0.21945667
0.86322665
0.20296001
0.86322665
0.18646336
0.86322665
0.16996664
0.86322665
0.15346998
0.86322665
0.13697332
0.86322665
0.12047666
0.86322665
0.103980005
0.86322665
0.08748335
0.86322665
0.07098669
0.86322665
0.05448997
0.86322665
0.037993312
0.86322665
0.021496654
0.86322665
0.004999995
0.8797233
0.9948
0.8797233
0.9783033
0.8797233
0.96180665
0.8797233
0.94531
0.8797233
0.92881334
0.8797233
0.9123167
0.8797233
0.89582
0.8797233
0.87932336
0.8797233
0.86282665
0.8797233
0.84633
0.8797233
0.8298333
0.8797233
0.8133367
0.8797233
0.79684
0.8797233
0.78034335
0.8797233
0.76384664
0.8797233
0.74735
0.8797233
0.7308533
0.8797233
0.71435666
0.8797233
0.69786
0.8797233
0.68136334
0.8797233
0.6648667
0.8797233
0.64837
0.8797233
0.63187337
0.8797233
0.6153767
0.8797233
0.59888
0.8797233
0.58238333
0.8797233
0.5658867
0.8797233
0.54938996
0.8797233
0.5328933
0.8797233
0.51639664
0.8797233
0.49989998
0.8797233
0.48340333
0.8797233
0.46690667
0.8797233
0.45041
0.8797233
0.43391335
0.8797233
0.4174167
0.8797233
0.40091997
0.8797233
0.38442332
0.8797233
0.36792666
0.8797233
0.35143
0.8797233
0.33493334
0.8797233
0.31843668
0.8797233
0.30194002
0.8797233
0.2854433
0.8797233
0.26894665
0.8797233
0.25245
0.8797233
0.23595333
0.8797233
0.21945667
0.8797233
0.20296001
0.8797233
0.18646336
0.8797233
0.16996664
0.8797233
0.15346998
0.8797233
0.13697332
0.8797233
0.12047666
0.8797233
0.103980005
0.8797233
0.08748335
0.8797233
0.07098669
0.8797233
0.05448997
0.8797233
0.037993312
0.8797233
0.021496654
0.8797233
0.004999995
0.89622
0.9948
0.89622
0.9783033
0.89622
0.96180665
0.89622
0.94531
0.89622
0.92881334
0.89622
0.9123167
0.89622
0.89582
0.89622
0.87932336
0.89622
0.86282665
0.89622
0.84633
0.89622
0.8298333
0.89622
0.8133367
0.89622
0.79684
0.89622
0.78034335
0.89622
0.76384664
0.89622
0.74735
0.89622
0.7308533
0.89622
0.71435666
0.89622
0.69786
0.89622
0.68136334
0.89622
0.6648667
0.89622
0.64837
0.89622
0.63187337
0.89622
0.6153767
0.89622
0.59888
0.89622
0.58238333
0.89622
0.5658867
0.89622
0.54938996
0.89622
0.5328933
0.89622
0.51639664
0.89622
0.49989998
0.89622
0.48340333
0.89622
0.46690667
0.89622
0.45041
0.89622
0.43391335
0.89622
0.4174167
0.89622
0.40091997
0.89622
0.38442332
0.89622
0.36792666
0.89622
0.35143
0.89622
0.33493334
0.89622
0.31843668
0.89622
0.30194002
0.89622
0.2854433
0.89622
0.26894665
0.89622
0.25245
0.89622
0.23595333
0.89622
0.21945667
0.89622
0.20296001
0.89622
0.18646336
0.89622
0.16996664
0.89622
0.15346998
0.89622
0.13697332
0.89622
0.12047666
0.89622
0.103980005
0.89622
0.08748335
0.89622
0.07098669
0.89622
0.05448997
0.89622
0.037993312
0.89622
0.021496654
0.89622
0.004999995
0.9127167
0.9948
0.9127167
0.9783033
0.9127167
0.96180665
0.9127167
0.94531
0.9127167
0.92881334
0.9127167
0.9123167
0.9127167
0.89582
0.9127167
0.87932336
0.9127167
0.86282665
0.9127167
0.84633
0.9127167
0.8298333
0.9127167
0.8133367
0.9127167
0.79684
0.9127167
0.78034335
0.9127167
0.76384664
0.9127167
0.74735
0.9127167
0.7308533
0.9127167
0.71435666
0.9127167
0.69786
0.9127167
0.68136334
0.9127167
0.6648667
0.9127167
0.64837
0.9127167
0.63187337
0.9127167
0.6153767
0.9127167
0.59888
0.9127167
0.58238333
0.9127167
0.5658867
0.9127167
0.54938996
0.9127167
0.5328933
0.9127167
0.51639664
0.9127167
0.49989998
0.9127167
0.48340333
0.9127167
0.46690667
0.9127167
0.45041
0.9127167
0.43391335
0.9127167
0.4174167
0.9127167
0.40091997
0.9127167
0.38442332
0.9127167
0.36792666
0.9127167
0.35143
0.9127167
0.33493334
0.9127167
0.31843668
0.9127167
0.30194002
0.9127167
0.2854433
0.9127167
0.26894665
0.9127167
0.25245
0.9127167
0.23595333
0.9127167
0.21945667
0.9127167
0.20296001
0.9127167
0.18646336
0.9127167
0.16996664
0.9127167
0.15346998
0.9127167
0.13697332
0.9127167
0.12047666
0.9127167
0.103980005
0.9127167
0.08748335
0.9127167
0.07098669
0.9127167
0.05448997
0.9127167
0.037993312
0.9127167
0.021496654
0.9127167
0.004999995
0.92921335
0.9948
0.92921335
0.9783033
0.92921335
0.96180665
0.92921335
0.94531
0.92921335
0.92881334
0.92921335
0.9123167
0.92921335
0.89582
0.92921335
0.87932336
0.92921335
0.86282665
0.92921335
0.84633
0.92921335
0.8298333
0.92921335
0.8133367
0.92921335
0.79684
0.92921335
0.78034335
0.92921335
0.76384664
0.92921335
0.74735
0.92921335
0.7308533
0.92921335
0.71435666
0.92921335
0.69786
0.92921335
0.68136334
0.92921335
0.6648667
0.92921335
0.64837
0.92921335
0.63187337
0.92921335
0.6153767
0.92921335
0.59888
0.92921335
0.58238333
0.92921335
0.5658867
0.92921335
0.54938996
0.92921335
0.5328933
0.92921335
0.51639664
0.92921335
0.49989998
0.92921335
0.48340333
0.92921335
0.46690667
0.92921335
0.45041
0.92921335
0.43391335
0.92921335
0.4174167
0.92921335
0.40091997
0.92921335
0.38442332
0.92921335
0.36792666
0.92921335
0.35143
0.92921335
0.33493334
0.92921335
0.31843668
0.92921335
0.30194002
0.92921335
0.2854433
0.92921335
0.26894665
0.92921335
0.25245
0.92921335
0.23595333
0.92921335
0.21945667
0.92921335
0.20296001
0.92921335
0.18646336
0.92921335
0.16996664
0.92921335
0.15346998
0.92921335
0.13697332
0.92921335
0.12047666
0.92921335
0.103980005
0.92921335
0.08748335
0.92921335
0.07098669
0.92921335
0.05448997
0.92921335
0.037993312
0.92921335
0.021496654
0.92921335
0.004999995
0.94571
0.9948
0.94571
0.9783033
0.94571
0.96180665
0.94571
0.94531
0.94571
0.92881334
0.94571
0.9123167
0.94571
0.89582
0.94571
0.87932336
0.94571
0.86282665
0.94571
0.84633
0.94571
0.8298333
0.94571
0.8133367
0.94571
0.79684
0.94571
0.78034335
0.94571
0.76384664
0.94571
0.74735
0.94571
0.7308533
0.94571
0.71435666
0.94571
0.69786
0.94571
0.68136334
0.94571
0.6648667
0.94571
0.64837
0.94571
0.63187337
0.94571
0.6153767
0.94571
0.59888
0.94571
0.58238333
0.94571
0.5658867
0.94571
0.54938996
0.94571
0.5328933
0.94571
0.51639664
0.94571
0.49989998
0.94571
0.48340333
0.94571
0.46690667
0.94571
0.45041
0.94571
0.43391335
0.94571
0.4174167
0.94571
0.40091997
0.94571
0.38442332
0.94571
0.36792666
0.94571
0.35143
0.94571
0.33493334
0.94571
0.31843668
0.94571
0.30194002
0.94571
0.2854433
0.94571
0.26894665
0.94571
0.25245
0.94571
0.23595333
0.94571
0.21945667
0.94571
0.20296001
0.94571
0.18646336
0.94571
0.16996664
0.94571
0.15346998
0.94571
0.13697332
0.94571
0.12047666
0.94571
0.103980005
0.94571
0.08748335
0.94571
0.07098669
0.94571
0.05448997
0.94571
0.037993312
0.94571
0.021496654
0.94571
0.004999995
0.96220666
0.9948
0.96220666
0.9783033
0.96220666
0.96180665
0.96220666
0.94531
0.96220666
0.92881334
0.96220666
0.9123167
0.96220666
0.89582
0.96220666
0.87932336
0.96220666
0.86282665
0.96220666
0.84633
0.96220666
0.8298333
0.96220666
0.8133367
0.96220666
0.79684
0.96220666
0.78034335
0.96220666
0.76384664
0.96220666
0.74735
0.96220666
0.7308533
0.96220666
0.71435666
0.96220666
0.69786
0.96220666
0.68136334
0.96220666
0.6648667
0.96220666
0.64837
0.96220666
0.63187337
0.96220666
0.6153767
0.96220666
0.59888
0.96220666
0.58238333
0.96220666
0.5658867
0.96220666
0.54938996
0.96220666
0.5328933
0.96220666
0.51639664
0.96220666
0.49989998
0.96220666
0.48340333
0.96220666
0.46690667
0.96220666
0.45041
0.96220666
0.43391335
0.96220666
0.4174167
0.96220666
0.40091997
0.96220666
0.38442332
0.96220666
0.36792666
0.96220666
0.35143
0.96220666
0.33493334
0.96220666
0.31843668
0.96220666
0.30194002
0.96220666
0.2854433
0.96220666
0.26894665
0.96220666
0.25245
0.96220666
0.23595333
0.96220666
0.21945667
0.96220666
0.20296001
0.96220666
0.18646336
0.96220666
0.16996664
0.96220666
0.15346998
0.96220666
0.13697332
0.96220666
0.12047666
0.96220666
0.103980005
0.96220666
0.08748335
0.96220666
0.07098669
0.96220666
0.05448997
0.96220666
0.037993312
0.96220666
0.021496654
0.96220666
0.004999995
0.9787033
0.9948
0.9787033
0.9783033
0.9787033
0.96180665
0.9787033
0.94531
0.9787033
0.92881334
0.9787033
0.9123167
0.9787033
0.89582
0.9787033
0.87932336
0.9787033
0.86282665
0.9787033
0.84633
0.9787033
0.8298333
0.9787033
0.8133367
0.9787033
0.79684
0.9787033
0.78034335
0.9787033
0.76384664
0.9787033
0.74735
0.9787033
0.7308533
0.9787033
0.71435666
0.9787033
0.69786
0.9787033
0.68136334
0.9787033
0.6648667
0.9787033
0.64837
0.9787033
0.63187337
0.9787033
0.6153767
0.9787033
0.59888
0.9787033
0.58238333
0.9787033
0.5658867
0.9787033
0.54938996
0.9787033
0.5328933
0.9787033
0.51639664
0.9787033
0.49989998
0.9787033
0.48340333
0.9787033
0.46690667
0.9787033
0.45041
0.9787033
0.43391335
0.9787033
0.4174167
0.9787033
0.40091997
0.9787033
0.38442332
0.9787033
0.36792666
0.9787033
0.35143
0.9787033
0.33493334
0.9787033
0.31843668
0.9787033
0.30194002
0.9787033
0.2854433
0.9787033
0.26894665
0.9787033
0.25245
0.9787033
0.23595333
0.9787033
0.21945667
0.9787033
0.20296001
0.9787033
0.18646336
0.9787033
0.16996664
0.9787033
0.15346998
0.9787033
0.13697332
0.9787033
0.12047666
0.9787033
0.103980005
0.9787033
0.08748335
0.9787033
0.07098669
0.9787033
0.05448997
0.9787033
0.037993312
0.9787033
0.021496654
0.9787033
0.004999995
0.9952
0.9948
0.9952
0.9783033
0.9952
0.96180665
0.9952
0.94531
0.9952
0.92881334
0.9952
0.9123167
0.9952
0.89582
0.9952
0.87932336
0.9952
0.86282665
0.9952
0.84633
0.9952
0.8298333
0.9952
0.8133367
0.9952
0.79684
0.9952
0.78034335
0.9952
0.76384664
0.9952
0.74735
0.9952
0.7308533
0.9952
0.71435666
0.9952
0.69786
0.9952
0.68136334
0.9952
0.6648667
0.9952
0.64837
0.9952
0.63187337
0.9952
0.6153767
0.9952
0.59888
0.9952
0.58238333
0.9952
0.5658867
0.9952
0.54938996
0.9952
0.5328933
0.9952
0.51639664
0.9952
0.49989998
0.9952
0.48340333
0.9952
0.46690667
0.9952
0.45041
0.9952
0.43391335
0.9952
0.4174167
0.9952
0.40091997
0.9952
0.38442332
0.9952
0.36792666
0.9952
0.35143
0.9952
0.33493334
0.9952
0.31843668
0.9952
0.30194002
0.9952
0.2854433
0.9952
0.26894665
0.9952
0.25245
0.9952
0.23595333
0.9952
0.21945667
0.9952
0.20296001
0.9952
0.18646336
0.9952
0.16996664
0.9952
0.15346998
0.9952
0.13697332
0.9952
0.12047666
0.9952
0.103980005
0.9952
0.08748335
0.9952
0.07098669
0.9952
0.05448997
0.9952
0.037993312
0.9952
0.021496654
0.9952
0.004999995
