7442
-0.00777
1.00813
-0.00777
0.9911967
-0.00777
0.9742633
-0.00777
0.95733
-0.00777
0.94039667
-0.00777
0.92346334
-0.00777
0.90653
-0.00777
0.88959664
-0.00777
0.8726633
-0.00777
0.85573
-0.00777
0.8387967
-0.00777
0.82186335
-0.00777
0.80493
-0.00777
0.78799665
-0.00777
0.7710633
-0.00777
0.75413
-0.00777
0.7371967
-0.00777
0.72026336
-0.00777
0.70333004
-0.00777
0.68639666
-0.00777
0.66946334
-0.00777
0.65253
-0.00777
0.63559663
-0.00777
0.6186633
-0.00777
0.60173
-0.00777
0.58479667
-0.00777
0.56786335
-0.00777
0.55093
-0.00777
0.5339967
-0.00777
0.5170633
-0.00777
0.50013
-0.00777
0.48319668
-0.00777
0.46626335
-0.00777
0.44932997
-0.00777
0.43239665
-0.00777
0.41546333
-0.00777
0.39853
-0.00777
0.38159668
-0.00777
0.36466336
-0.00777
0.34772998
-0.00777
0.33079666
-0.00777
0.31386334
-0.00777
0.29693002
-0.00777
0.2799967
-0.00777
0.2630633
-0.00777
0.24612999
-0.00777
0.22919667
-0.00777
0.21226335
-0.00777
0.19533002
-0.00777
0.17839664
-0.00777
0.16146332
-0.00777
0.14453
-0.00777
0.12759668
-0.00777
0.110663354
-0.00777
0.09372997
-0.00777
0.07679665
-0.00777
0.05986333
-0.00777
0.042930007
-0.00777
0.025996685
-0.00777
0.009063363
-0.00777
-0.007869959
0.009163333
1.00813
0.009163333
0.9911967
0.009163333
0.9742633
0.009163333
0.95733
0.009163333
0.94039667
0.009163333
0.92346334
0.009163333
0.90653
0.009163333
0.88959664
0.009163333
0.8726633
0.009163333
0.85573
0.009163333
0.8387967
0.009163333
0.82186335
0.009163333
0.80493
0.009163333
0.78799665
0.009163333
0.7710633
0.009163333
0.75413
0.009163333
0.7371967
0.009163333
0.72026336
0.009163333
0.70333004
0.009163333
0.68639666
0.009163333
0.66946334
0.009163333
0.65253
0.009163333
0.63559663
0.009163333
0.6186633
0.009163333
0.60173
0.009163333
0.58479667
0.009163333
0.56786335
0.009163333
0.55093
0.009163333
0.5339967
0.009163333
0.5170633
0.009163333
0.50013
0.009163333
0.48319668
0.009163333
0.46626335
0.009163333
0.44932997
0.009163333
0.43239665
0.009163333
0.41546333
0.009163333
0.39853
0.009163333
0.38159668
0.009163333
0.36466336
0.009163333
0.34772998
0.009163333
0.33079666
0.009163333
0.31386334
0.009163333
0.29693002
0.009163333
0.2799967
0.009163333
0.2630633
0.009163333
0.24612999
0.009163333
0.22919667
0.009163333
0.21226335
0.009163333
0.19533002
0.009163333
0.17839664
0.009163333
0.16146332
0.009163333
0.14453
0.009163333
0.12759668
0.009163333
0.110663354
0.009163333
0.09372997
0.009163333
0.07679665
0.009163333
0.05986333
0.009163333
0.042930007
0.009163333
0.025996685
0.009163333
0.009063363
0.009163333
-0.007869959
0.026096666
1.00813
0.026096666
0.9911967
0.026096666
0.9742633
0.026096666
0.95733
0.026096666
0.94039667
0.026096666
0.92346334
0.026096666
0.90653
0.026096666
0.88959664
0.026096666
0.8726633
0.026096666
0.85573
0.026096666
0.8387967
0.026096666
0.82186335
0.026096666
0.80493
0.026096666
0.78799665
0.026096666
0.7710633
0.026096666
0.75413
0.026096666
0.7371967
0.026096666
0.72026336
0.026096666
0.70333004
0.026096666
0.68639666
0.026096666
0.66946334
0.026096666
0.65253
0.026096666
0.63559663
0.026096666
0.6186633
0.026096666
0.60173
0.026096666
0.58479667
0.026096666
0.56786335
0.026096666
0.55093
0.026096666
0.5339967
0.026096666
0.5170633
0.026096666
0.50013
0.026096666
0.48319668
0.026096666
0.46626335
0.026096666
0.44932997
0.026096666
0.43239665
0.026096666
0.41546333
0.026096666
0.39853
0.026096666
0.38159668
0.026096666
0.36466336
0.026096666
0.34772998
0.026096666
0.33079666
0.026096666
0.31386334
0.026096666
0.29693002
0.026096666
0.2799967
0.026096666
0.2630633
0.026096666
0.24612999
0.026096666
0.22919667
0.026096666
0.21226335
0.026096666
0.19533002
0.026096666
0.17839664
0.026096666
0.16146332
0.026096666
0.14453
0.026096666
0.12759668
0.026096666
0.110663354
0.026096666
0.09372997
0.026096666
0.07679665
0.026096666
0.05986333
0.026096666
0.042930007
0.026096666
0.025996685
0.026096666
0.009063363
0.026096666
-0.007869959
0.04303
1.00813
0.04303
0.9911967
0.04303
0.9742633
0.04303
0.95733
0.04303
0.94039667
0.04303
0.92346334
0.04303
0.90653
0.04303
0.88959664
0.04303
0.8726633
0.04303
0.85573
0.04303
0.8387967
0.04303
0.82186335
0.04303
0.80493
0.04303
0.78799665
0.04303
0.7710633
0.04303
0.75413
0.04303
0.7371967
0.04303
0.72026336
0.04303
0.70333004
0.04303
0.68639666
0.04303
0.66946334
0.04303
0.65253
0.04303
0.63559663
0.04303
0.6186633
0.04303
0.60173
0.04303
0.58479667
0.04303
0.56786335
0.04303
0.55093
0.04303
0.5339967
0.04303
0.5170633
0.04303
0.50013
0.04303
0.48319668
0.04303
0.46626335
0.04303
0.44932997
0.04303
0.43239665
0.04303
0.41546333
0.04303
0.39853
0.04303
0.38159668
0.04303
0.36466336
0.04303
0.34772998
0.04303
0.33079666
0.04303
0.31386334
0.04303
0.29693002
0.04303
0.2799967
0.04303
0.2630633
0.04303
0.24612999
0.04303
0.22919667
0.04303
0.21226335
0.04303
0.19533002
0.04303
0.17839664
0.04303
0.16146332
0.04303
0.14453
0.04303
0.12759668
0.04303
0.110663354
0.04303
0.09372997
0.04303
0.07679665
0.04303
0.05986333
0.04303
0.042930007
0.04303
0.025996685
0.04303
0.009063363
0.04303
-0.007869959
0.059963334
1.00813
0.059963334
0.9911967
0.059963334
0.9742633
0.059963334
0.95733
0.059963334
0.94039667
0.059963334
0.92346334
0.059963334
0.90653
0.059963334
0.88959664
0.059963334
0.8726633
0.059963334
0.85573
0.059963334
0.8387967
0.059963334
0.82186335
0.059963334
0.80493
0.059963334
0.78799665
0.059963334
0.7710633
0.059963334
0.75413
0.059963334
0.7371967
0.059963334
0.72026336
0.059963334
0.70333004
0.059963334
0.68639666
0.059963334
0.66946334
0.059963334
0.65253
0.059963334
0.63559663
0.059963334
0.6186633
0.059963334
0.60173
0.059963334
0.58479667
0.059963334
0.56786335
0.059963334
0.55093
0.059963334
0.5339967
0.059963334
0.5170633
0.059963334
0.50013
0.059963334
0.48319668
0.059963334
0.46626335
0.059963334
0.44932997
0.059963334
0.43239665
0.059963334
0.41546333
0.059963334
0.39853
0.059963334
0.38159668
0.059963334
0.36466336
0.059963334
0.34772998
0.059963334
0.33079666
0.059963334
0.31386334
0.059963334
0.29693002
0.059963334
0.2799967
0.059963334
0.2630633
0.059963334
0.24612999
0.059963334
0.22919667
0.059963334
0.21226335
0.059963334
0.19533002
0.059963334
0.17839664
0.059963334
0.16146332
0.059963334
0.14453
0.059963334
0.12759668
0.059963334
0.110663354
0.059963334
0.09372997
0.059963334
0.07679665
0.059963334
0.05986333
0.059963334
0.042930007
0.059963334
0.025996685
0.059963334
0.009063363
0.059963334
-0.007869959
0.07689667
1.00813
0.07689667
0.9911967
0.07689667
0.9742633
0.07689667
0.95733
0.07689667
0.94039667
0.07689667
0.92346334
0.07689667
0.90653
0.07689667
0.88959664
0.07689667
0.8726633
0.07689667
0.85573
0.07689667
0.8387967
0.07689667
0.82186335
0.07689667
0.80493
0.07689667
0.78799665
0.07689667
0.7710633
0.07689667
0.75413
0.07689667
0.7371967
0.07689667
0.72026336
0.07689667
0.70333004
0.07689667
0.68639666
0.07689667
0.66946334
0.07689667
0.65253
0.07689667
0.63559663
0.07689667
0.6186633
0.07689667
0.60173
0.07689667
0.58479667
0.07689667
0.56786335
0.07689667
0.55093
0.07689667
0.5339967
0.07689667
0.5170633
0.07689667
0.50013
0.07689667
0.48319668
0.07689667
0.46626335
0.07689667
0.44932997
0.07689667
0.43239665
0.07689667
0.41546333
0.07689667
0.39853
0.07689667
0.38159668
0.07689667
0.36466336
0.07689667
0.34772998
0.07689667
0.33079666
0.07689667
0.31386334
0.07689667
0.29693002
0.07689667
0.2799967
0.07689667
0.2630633
0.07689667
0.24612999
0.07689667
0.22919667
0.07689667
0.21226335
0.07689667
0.19533002
0.07689667
0.17839664
0.07689667
0.16146332
0.07689667
0.14453
0.07689667
0.12759668
0.07689667
0.110663354
0.07689667
0.09372997
0.07689667
0.07679665
0.07689667
0.05986333
0.07689667
0.042930007
0.07689667
0.025996685
0.07689667
0.009063363
0.07689667
-0.007869959
0.09383
1.00813
0.09383
0.9911967
0.09383
0.9742633
0.09383
0.95733
0.09383
0.94039667
0.09383
0.92346334
0.09383
0.90653
0.09383
0.88959664
0.09383
0.8726633
0.09383
0.85573
0.09383
0.8387967
0.09383
0.82186335
0.09383
0.80493
0.09383
0.78799665
0.09383
0.7710633
0.09383
0.75413
0.09383
0.7371967
0.09383
0.72026336
0.09383
0.70333004
0.09383
0.68639666
0.09383
0.66946334
0.09383
0.65253
0.09383
0.63559663
0.09383
0.6186633
0.09383
0.60173
0.09383
0.58479667
0.09383
0.56786335
0.09383
0.55093
0.09383
0.5339967
0.09383
0.5170633
0.09383
0.50013
0.09383
0.48319668
0.09383
0.46626335
0.09383
0.44932997
0.09383
0.43239665
0.09383
0.41546333
0.09383
0.39853
0.09383
0.38159668
0.09383
0.36466336
0.09383
0.34772998
0.09383
0.33079666
0.09383
0.31386334
0.09383
0.29693002
0.09383
0.2799967
0.09383
0.2630633
0.09383
0.24612999
0.09383
0.22919667
0.09383
0.21226335
0.09383
0.19533002
0.09383
0.17839664
0.09383
0.16146332
0.09383
0.14453
0.09383
0.12759668
0.09383
0.110663354
0.09383
0.09372997
0.09383
0.07679665
0.09383
0.05986333
0.09383
0.042930007
0.09383
0.025996685
0.09383
0.009063363
0.09383
-0.007869959
0.110763334
1.00813
0.110763334
0.9911967
0.110763334
0.9742633
0.110763334
0.95733
0.110763334
0.94039667
0.110763334
0.92346334
0.110763334
0.90653
0.110763334
0.88959664
0.110763334
0.8726633
0.110763334
0.85573
0.110763334
0.8387967
0.110763334
0.82186335
0.110763334
0.80493
0.110763334
0.78799665
0.110763334
0.7710633
0.110763334
0.75413
0.110763334
0.7371967
0.110763334
0.72026336
0.110763334
0.70333004
0.110763334
0.68639666
0.110763334
0.66946334
0.110763334
0.65253
0.110763334
0.63559663
0.110763334
0.6186633
0.110763334
0.60173
0.110763334
0.58479667
0.110763334
0.56786335
0.110763334
0.55093
0.110763334
0.5339967
0.110763334
0.5170633
0.110763334
0.50013
0.110763334
0.48319668
0.110763334
0.46626335
0.110763334
0.44932997
0.110763334
0.43239665
0.110763334
0.41546333
0.110763334
0.39853
0.110763334
0.38159668
0.110763334
0.36466336
0.110763334
0.34772998
0.110763334
0.33079666
0.110763334
0.31386334
0.110763334
0.29693002
0.110763334
0.2799967
0.110763334
0.2630633
0.110763334
0.24612999
0.110763334
0.22919667
0.110763334
0.21226335
0.110763334
0.19533002
0.110763334
0.17839664
0.110763334
0.16146332
0.110763334
0.14453
0.110763334
0.12759668
0.110763334
0.110663354
0.110763334
0.09372997
0.110763334
0.07679665
0.110763334
0.05986333
0.110763334
0.042930007
0.110763334
0.025996685
0.110763334
0.009063363
0.110763334
-0.007869959
0.12769666
1.00813
0.12769666
0.9911967
0.12769666
0.9742633
0.12769666
0.95733
0.12769666
0.94039667
0.12769666
0.92346334
0.12769666
0.90653
0.12769666
0.88959664
0.12769666
0.8726633
0.12769666
0.85573
0.12769666
0.8387967
0.12769666
0.82186335
0.12769666
0.80493
0.12769666
0.78799665
0.12769666
0.7710633
0.12769666
0.75413
0.12769666
0.7371967
0.12769666
0.72026336
0.12769666
0.70333004
0.12769666
0.68639666
0.12769666
0.66946334
0.12769666
0.65253
0.12769666
0.63559663
0.12769666
0.6186633
0.12769666
0.60173
0.12769666
0.58479667
0.12769666
0.56786335
0.12769666
0.55093
0.12769666
0.5339967
0.12769666
0.5170633
0.12769666
0.50013
0.12769666
0.48319668
0.12769666
0.46626335
0.12769666
0.44932997
0.12769666
0.43239665
0.12769666
0.41546333
0.12769666
0.39853
0.12769666
0.38159668
0.12769666
0.36466336
0.12769666
0.34772998
0.12769666
0.33079666
0.12769666
0.31386334
0.12769666
0.29693002
0.12769666
0.2799967
0.12769666
0.2630633
0.12769666
0.24612999
0.12769666
0.22919667
0.12769666
0.21226335
0.12769666
0.19533002
0.12769666
0.17839664
0.12769666
0.16146332
0.12769666
0.14453
0.12769666
0.12759668
0.12769666
0.110663354
0.12769666
0.09372997
0.12769666
0.07679665
0.12769666
0.05986333
0.12769666
0.042930007
0.12769666
0.025996685
0.12769666
0.009063363
0.12769666
-0.007869959
0.14463
1.00813
0.14463
0.9911967
0.14463
0.9742633
0.14463
0.95733
0.14463
0.94039667
0.14463
0.92346334
0.14463
0.90653
0.14463
0.88959664
0.14463
0.8726633
0.14463
0.85573
0.14463
0.8387967
0.14463
0.82186335
0.14463
0.80493
0.14463
0.78799665
0.14463
0.7710633
0.14463
0.75413
0.14463
0.7371967
0.14463
0.72026336
0.14463
0.70333004
0.14463
0.68639666
0.14463
0.66946334
0.14463
0.65253
0.14463
0.63559663
0.14463
0.6186633
0.14463
0.60173
0.14463
0.58479667
0.14463
0.56786335
0.14463
0.55093
0.14463
0.5339967
0.1448137
0.51705456
0.14481667
0.50013
0.1448137
0.48320544
0.14463
0.46626335
0.14463
0.44932997
0.14463
0.43239665
0.14463
0.41546333
0.14463
0.39853
0.14463
0.38159668
0.14463
0.36466336
0.14463
0.34772998
0.14463
0.33079666
0.14463
0.31386334
0.14463
0.29693002
0.14463
0.2799967
0.14463
0.2630633
0.14463
0.24612999
0.14463
0.22919667
0.14463
0.21226335
0.14463
0.19533002
0.14463
0.17839664
0.14463
0.16146332
0.14463
0.14453
0.14463
0.12759668
0.14463
0.110663354
0.14463
0.09372997
0.14463
0.07679665
0.14463
0.05986333
0.14463
0.042930007
0.14463
0.025996685
0.14463
0.009063363
0.14463
-0.007869959
0.16156334
1.00813
0.16156334
0.9911967
0.16156334
0.9742633
0.16156334
0.95733
0.16156334
0.94039667
0.16156334
0.92346334
0.16156334
0.90653
0.16156334
0.88959664
0.16156334
0.8726633
0.16156334
0.85573
0.16156334
0.8387967
0.16156334
0.82186335
0.16156334
0.80493
0.16156334
0.78799665
0.16156334
0.7710633
0.16156334
0.75413
0.16156334
0.7371967
0.16156334
0.72026336
0.16156334
0.70333004
0.16156334
0.68639666
0.16156334
0.66946334
0.16156334
0.65253
0.16156334
0.63559663
0.16156334
0.6186633
0.16175526
0.6016724
0.16178668
0.5847408
0.1618127
0.56781346
0.16183311
0.5508895
0.1618478
0.5339682
0.16185667
0.51704866
0.16185963
0.50013
0.16185667
0.48321134
0.1618478
0.4662918
0.16183311
0.44937044
0.1618127
0.43244654
0.16178668
0.41551918
0.16175526
0.39858758
0.16156334
0.38159668
0.16156334
0.36466336
0.16156334
0.34772998
0.16156334
0.33079666
0.16156334
0.31386334
0.16156334
0.29693002
0.16156334
0.2799967
0.16156334
0.2630633
0.16156334
0.24612999
0.16156334
0.22919667
0.16156334
0.21226335
0.16156334
0.19533002
0.16156334
0.17839664
0.16156334
0.16146332
0.16156334
0.14453
0.16156334
0.12759668
0.16156334
0.110663354
0.16156334
0.09372997
0.16156334
0.07679665
0.16156334
0.05986333
0.16156334
0.042930007
0.16156334
0.025996685
0.16156334
0.009063363
0.16156334
-0.007869959
0.17849667
1.00813
0.17849667
0.9911967
0.17849667
0.9742633
0.17849667
0.95733
0.17849667
0.94039667
0.17849667
0.92346334
0.17849667
0.90653
0.17849667
0.88959664
0.17849667
0.8726633
0.17849667
0.85573
0.17849667
0.8387967
0.17849667
0.82186335
0.17849667
0.80493
0.17849667
0.78799665
0.17849667
0.7710633
0.17849667
0.75413
0.17849667
0.7371967
0.17849667
0.72026336
0.17849667
0.70333004
0.17849667
0.68639666
0.17849667
0.66946334
0.17866288
0.6524513
0.17870885
0.63550735
0.17875017
0.61856997
0.1787866
0.60163844
0.17881791
0.58471215
0.17884384
0.56779027
0.17886424
0.55087197
0.17887892
0.5339564
0.17888778
0.51704276
0.17889073
0.50013
0.17888778
0.48321724
0.17887892
0.4663036
0.17886424
0.44938803
0.17884384
0.4324698
0.17881791
0.41554785
0.1787866
0.39862156
0.17875017
0.38169008
0.17870885
0.36475265
0.17866288
0.34780872
0.17849667
0.33079666
0.17849667
0.31386334
0.17849667
0.29693002
0.17849667
0.2799967
0.17849667
0.2630633
0.17849667
0.24612999
0.17849667
0.22919667
0.17849667
0.21226335
0.17849667
0.19533002
0.17849667
0.17839664
0.17849667
0.16146332
0.17849667
0.14453
0.17849667
0.12759668
0.17849667
0.110663354
0.17849667
0.09372997
0.17849667
0.07679665
0.17849667
0.05986333
0.17849667
0.042930007
0.17849667
0.025996685
0.17849667
0.009063363
0.17849667
-0.007869959
0.19543
1.00813
0.19543
0.9911967
0.19543
0.9742633
0.19543
0.95733
0.19543
0.94039667
0.19543
0.92346334
0.19543
0.90653
0.19543
0.88959664
0.19543
0.8726633
0.19543
0.85573
0.19543
0.8387967
0.19543
0.82186335
0.19543
0.80493
0.19543
0.78799665
0.19543
0.7710633
0.19543
0.75413
0.19543
0.7371967
0.19543
0.72026336
0.19543
0.70333004
0.19543
0.68639666
0.1956336
0.66935027
0.19568338
0.65240335
0.19572891
0.63546383
0.19576992
0.6185311
0.19580615
0.6016046
0.1958373
0.58468354
0.19586316
0.5677671
0.19597563
0.55083907
0.1959991
0.5339334
0.19601326
0.51703095
0.196018
0.50013
0.19601326
0.48322904
0.1959991
0.4663266
0.19597563
0.44942093
0.19586316
0.4324929
0.1958373
0.41557646
0.19580615
0.39865535
0.19576992
0.3817289
0.19572891
0.36479616
0.19568338
0.3478567
0.1956336
0.3309098
0.19543
0.31386334
0.19543
0.29693002
0.19543
0.2799967
0.19543
0.2630633
0.19543
0.24612999
0.19543
0.22919667
0.19543
0.21226335
0.19543
0.19533002
0.19543
0.17839664
0.19543
0.16146332
0.19543
0.14453
0.19543
0.12759668
0.19543
0.110663354
0.19543
0.09372997
0.19543
0.07679665
0.19543
0.05986333
0.19543
0.042930007
0.19543
0.025996685
0.19543
0.009063363
0.19543
-0.007869959
0.21236333
1.00813
0.21236333
0.9911967
0.21236333
0.9742633
0.21236333
0.95733
0.21236333
0.94039667
0.21236333
0.92346334
0.21236333
0.90653
0.21236333
0.88959664
0.21236333
0.8726633
0.21236333
0.85573
0.21236333
0.8387967
0.21236333
0.82186335
0.21236333
0.80493
0.21236333
0.78799665
0.21236333
0.7710633
0.21236333
0.75413
0.21236333
0.7371967
0.21236333
0.72026336
0.21253373
0.70320976
0.21259016
0.6862499
0.21264309
0.66929877
0.21269222
0.6523559
0.21273725
0.6354207
0.2127779
0.6184926
0.2129142
0.60153556
0.21296379
0.58462006
0.21300502
0.5677123
0.2130375
0.55081105
0.21306096
0.53391457
0.21307512
0.5170215
0.21307985
0.50013
0.21307512
0.48323852
0.21306096
0.46634543
0.2130375
0.44944894
0.21300502
0.43254763
0.21296379
0.41563994
0.2129142
0.39872444
0.2127779
0.3817674
0.21273725
0.36483932
0.21269222
0.3479041
0.21264309
0.33096123
0.21259016
0.31401008
0.21253373
0.2970503
0.21236333
0.2799967
0.21236333
0.2630633
0.21236333
0.24612999
0.21236333
0.22919667
0.21236333
0.21226335
0.21236333
0.19533002
0.21236333
0.17839664
0.21236333
0.16146332
0.21236333
0.14453
0.21236333
0.12759668
0.21236333
0.110663354
0.21236333
0.09372997
0.21236333
0.07679665
0.21236333
0.05986333
0.21236333
0.042930007
0.21236333
0.025996685
0.21236333
0.009063363
0.21236333
-0.007869959
0.22929667
1.00813
0.22929667
0.9911967
0.22929667
0.9742633
0.22929667
0.95733
0.22929667
0.94039667
0.22929667
0.92346334
0.22929667
0.90653
0.22929667
0.88959664
0.22929667
0.8726633
0.22929667
0.85573
0.22929667
0.8387967
0.22929667
0.82186335
0.22929667
0.80493
0.22929667
0.78799665
0.22929667
0.7710633
0.22929667
0.75413
0.22929667
0.7371967
0.22947535
0.72011817
0.2295337
0.7031522
0.22958903
0.6861957
0.22964104
0.6692481
0.22968943
0.65230906
0.22983624
0.63532686
0.22990061
0.61839914
0.22995768
0.60148215
0.23012213
0.5845387
0.23018372
0.56764156
0.23023233
0.55075455
0.23026745
0.53387535
0.23028867
0.51700133
0.23029578
0.50013
0.23028867
0.48325866
0.23026745
0.4663847
0.23023233
0.44950545
0.23018372
0.43261844
0.23012213
0.4157213
0.22995768
0.3987779
0.22990061
0.3818609
0.22983624
0.36493313
0.22968943
0.34795094
0.22964104
0.3310119
0.22958903
0.31406432
0.2295337
0.29710776
0.22947535
0.28014183
0.22929667
0.2630633
0.22929667
0.24612999
0.22929667
0.22919667
0.22929667
0.21226335
0.22929667
0.19533002
0.22929667
0.17839664
0.22929667
0.16146332
0.22929667
0.14453
0.22929667
0.12759668
0.22929667
0.110663354
0.22929667
0.09372997
0.22929667
0.07679665
0.22929667
0.05986333
0.22929667
0.042930007
0.22929667
0.025996685
0.22929667
0.009063363
0.22929667
-0.007869959
0.24623
1.00813
0.24623
0.9911967
0.24623
0.9742633
0.24623
0.95733
0.24623
0.94039667
0.24623
0.92346334
0.24623
0.90653
0.24623
0.88959664
0.24623
0.8726633
0.24623
0.85573
0.24623
0.8387967
0.24623
0.82186335
0.24623
0.80493
0.24623
0.78799665
0.24623
0.7710633
0.24623
0.75413
0.24640615
0.7370323
0.24646561
0.72005916
0.2465225
0.70309603
0.24657658
0.6861425
0.24671605
0.66913927
0.24679212
0.6521927
0.24686222
0.6352595
0.2470487
0.61828125
0.2471335
0.6013686
0.2472069
0.58447105
0.24726817
0.5675865
0.24698
0.55078
0.24698
0.5338967
0.24698
0.5170133
0.24698
0.50013
0.24698
0.48324668
0.24698
0.4663633
0.24698
0.44948
0.24726817
0.4326735
0.2472069
0.41578895
0.2471335
0.3988914
0.2470487
0.38197875
0.24686222
0.36500055
0.24679212
0.34806728
0.24671605
0.33112073
0.24657658
0.3141175
0.2465225
0.29716402
0.24646561
0.28020084
0.24640615
0.26322776
0.24623
0.24612999
0.24623
0.22919667
0.24623
0.21226335
0.24623
0.19533002
0.24623
0.17839664
0.24623
0.16146332
0.24623
0.14453
0.24623
0.12759668
0.24623
0.110663354
0.24623
0.09372997
0.24623
0.07679665
0.24623
0.05986333
0.24623
0.042930007
0.24623
0.025996685
0.24623
0.009063363
0.24623
-0.007869959
0.26316333
1.00813
0.26316333
0.9911967
0.26316333
0.9742633
0.26316333
0.95733
0.26316333
0.94039667
0.26316333
0.92346334
0.26316333
0.90653
0.26316333
0.88959664
0.26316333
0.8726633
0.26316333
0.85573
0.26316333
0.8387967
0.26316333
0.82186335
0.26316333
0.80493
0.26316333
0.78799665
0.26316333
0.7710633
0.26332775
0.7539538
0.2633874
0.7369726
0.263445
0.7200018
0.26350024
0.7030412
0.26364663
0.6860169
0.26372623
0.66906124
0.26390946
0.6520504
0.26401275
0.6351113
0.26410675
0.6181916
0.26386333
0.60143
0.26386333
0.5845467
0.26386333
0.5676633
0.26386333
0.55078
0.26386333
0.5338967
0.2641249
0.51699466
0.2641314
0.50013
0.2641249
0.48326534
0.26386333
0.4663633
0.26386333
0.44948
0.26386333
0.43259668
0.26386333
0.4157133
0.26386333
0.39883
0.26410675
0.3820684
0.26401275
0.36514872
0.26390946
0.34820968
0.26372623
0.33119875
0.26364663
0.31424308
0.26350024
0.2972188
0.263445
0.28025824
0.2633874
0.26328743
0.26332775
0.24630618
0.26316333
0.22919667
0.26316333
0.21226335
0.26316333
0.19533002
0.26316333
0.17839664
0.26316333
0.16146332
0.26316333
0.14453
0.26316333
0.12759668
0.26316333
0.110663354
0.26316333
0.09372997
0.26316333
0.07679665
0.26316333
0.05986333
0.26316333
0.042930007
0.26316333
0.025996685
0.26316333
0.009063363
0.26316333
-0.007869959
0.28009668
1.00813
0.28009668
0.9911967
0.28009668
0.9742633
0.28009668
0.95733
0.28009668
0.94039667
0.28009668
0.92346334
0.28009668
0.90653
0.28009668
0.88959664
0.28009668
0.8726633
0.28009668
0.85573
0.28009668
0.8387967
0.28009668
0.82186335
0.28009668
0.80493
0.28009668
0.78799665
0.28024185
0.77088463
0.28030086
0.7538944
0.2803582
0.736915
0.2804137
0.71994627
0.28055933
0.7029029
0.28064096
0.6859361
0.28083426
0.66889596
0.2809433
0.65194386
0.28074667
0.6351967
0.28074667
0.6183133
0.28074667
0.60143
0.28100774
0.58444625
0.28106314
0.5675659
0.28110716
0.55069685
0.28113917
0.53383625
0.28115857
0.51698166
0.28116506
0.50013
0.28115857
0.48327833
0.28113917
0.4664237
0.28110716
0.4495632
0.28106314
0.43269402
0.28100774
0.41581374
0.28074667
0.39883
0.28074667
0.38194668
0.28074667
0.3650633
0.2809433
0.34831613
0.28083426
0.33136404
0.28064096
0.3143239
0.28055933
0.29735708
0.2804137
0.28031367
0.2803582
0.263345
0.28030086
0.2463656
0.28024185
0.22937536
0.28009668
0.21226335
0.28009668
0.19533002
0.28009668
0.17839664
0.28009668
0.16146332
0.28009668
0.14453
0.28009668
0.12759668
0.28009668
0.110663354
0.28009668
0.09372997
0.28009668
0.07679665
0.28009668
0.05986333
0.28009668
0.042930007
0.28009668
0.025996685
0.28009668
0.009063363
0.28009668
-0.007869959
0.29703
1.00813
0.29703
0.9911967
0.29703
0.9742633
0.29703
0.95733
0.29703
0.94039667
0.29703
0.92346334
0.29703
0.90653
0.29703
0.88959664
0.29703
0.8726633
0.29703
0.85573
0.29703
0.8387967
0.29703
0.82186335
0.29703
0.80493
0.29715028
0.7878263
0.29720777
0.7708263
0.297264
0.75383747
0.2973188
0.7368598
0.29745707
0.7198007
0.29753911
0.7028209
0.29773176
0.6857534
0.2978441
0.6687849
0.29763
0.65208
0.29763
0.6351967
0.2978766
0.6181695
0.29795107
0.6012695
0.29801622
0.58438575
0.29805103
0.567523
0.29809082
0.5506648
0.29811978
0.533815
0.29813743
0.51697105
0.29814333
0.50013
0.29813743
0.48328894
0.29811978
0.46644497
0.29809082
0.4495952
0.29805103
0.432737
0.29801622
0.41587424
0.29795107
0.3989905
0.2978766
0.3820905
0.29763
0.3650633
0.29763
0.34818
0.2978441
0.33147508
0.29773176
0.3145066
0.29753911
0.2974391
0.29745707
0.28045934
0.2973188
0.26340026
0.297264
0.24642253
0.29720777
0.22943372
0.29715028
0.2124337
0.29703
0.19533002
0.29703
0.17839664
0.29703
0.16146332
0.29703
0.14453
0.29703
0.12759668
0.29703
0.110663354
0.29703
0.09372997
0.29703
0.07679665
0.29703
0.05986333
0.29703
0.042930007
0.29703
0.025996685
0.29703
0.009063363
0.29703
-0.007869959
0.31396332
1.00813
0.31396332
0.9911967
0.31396332
0.9742633
0.31396332
0.95733
0.31396332
0.94039667
0.31396332
0.92346334
0.31396332
0.90653
0.31396332
0.88959664
0.31396332
0.8726633
0.31396332
0.85573
0.31396332
0.8387967
0.31396332
0.82186335
0.31396332
0.80493
0.3141101
0.78776985
0.31416434
0.77077097
0.31421748
0.75378346
0.31434307
0.7367134
0.3144239
0.71971905
0.3146066
0.70262825
0.31471962
0.68564034
0.31451333
0.6689633
0.31451333
0.65208
0.31478113
0.6350019
0.31486186
0.6180916
0.3149148
0.601211
0.31497306
0.5843377
0.31502238
0.5674782
0.3150619
0.5506304
0.31493682
0.5338197
0.31494033
0.5169745
0.31494153
0.50013
0.31494033
0.4832855
0.31493682
0.46644032
0.3150619
0.4496296
0.31502238
0.43278176
0.31497306
0.41592228
0.3149148
0.39904898
0.31486186
0.38216847
0.31478113
0.3652581
0.31451333
0.34818
0.31451333
0.33129668
0.31471962
0.3146196
0.3146066
0.29763174
0.3144239
0.28054094
0.31434307
0.26354665
0.31421748
0.24647659
0.31416434
0.22948903
0.3141101
0.21249014
0.31396332
0.19533002
0.31396332
0.17839664
0.31396332
0.16146332
0.31396332
0.14453
0.31396332
0.12759668
0.31396332
0.110663354
0.31396332
0.09372997
0.31396332
0.07679665
0.31396332
0.05986333
0.31396332
0.042930007
0.31396332
0.025996685
0.31396332
0.009063363
0.31396332
-0.007869959
0.33089668
1.00813
0.33089668
0.9911967
0.33089668
0.9742633
0.33089668
0.95733
0.33089668
0.94039667
0.33089668
0.92346334
0.33089668
0.90653
0.33089668
0.88959664
0.33089668
0.8726633
0.33089668
0.85573
0.33089668
0.8387967
0.33089668
0.82186335
0.33100978
0.8047264
0.3310612
0.7877169
0.3311119
0.77071893
0.33122072
0.75364393
0.33129874
0.7366338
0.33146405
0.7195257
0.3315751
0.7025159
0.33139667
0.6858467
0.33139667
0.6689633
0.33165938
0.65184355
0.33174378
0.634919
0.33179995
0.618031
0.3318645
0.6011493
0.33178166
0.58435416
0.33179137
0.5675055
0.33179918
0.55065924
0.33180493
0.533815
0.33180845
0.5169722
0.33180964
0.50013
0.33180845
0.48328787
0.33180493
0.46644497
0.33179918
0.44960076
0.33179137
0.43275458
0.33178166
0.41590583
0.3318645
0.39911073
0.33179995
0.38222897
0.33174378
0.365341
0.33165938
0.34841645
0.33139667
0.33129668
0.33139667
0.3144133
0.3315751
0.2977441
0.33146405
0.28073424
0.33129874
0.26362622
0.33122072
0.24661607
0.3311119
0.22954106
0.3310612
0.21254307
0.33100978
0.19553357
0.33089668
0.17839664
0.33089668
0.16146332
0.33089668
0.14453
0.33089668
0.12759668
0.33089668
0.110663354
0.33089668
0.09372997
0.33089668
0.07679665
0.33089668
0.05986333
0.33089668
0.042930007
0.33089668
0.025996685
0.33089668
0.009063363
0.33089668
-0.007869959
0.34783
1.00813
0.34783
0.9911967
0.34783
0.9742633
0.34783
0.95733
0.34783
0.94039667
0.34783
0.92346334
0.34783
0.90653
0.34783
0.88959664
0.34783
0.8726633
0.34783
0.85573
0.34783
0.8387967
0.34790874
0.8216971
0.3479567
0.80467665
0.3480041
0.78766775
0.34805092
0.77067053
0.34816727
0.7535679
0.34830967
0.73645055
0.34841615
0.7194167
0.34828
0.70273
0.34828
0.6858467
0.34851643
0.66870064
0.34860158
0.65175843
0.34866056
0.63485837
0.3487288
0.61796427
0.34863424
0.60119385
0.34864536
0.5843437
0.3486549
0.5674967
0.34875664
0.55062115
0.3487766
0.5337863
0.34878886
0.5169568
0.348793
0.50013
0.34878886
0.4833032
0.3487766
0.4664737
0.34875664
0.4496389
0.3486549
0.43276328
0.34864536
0.41591632
0.34863424
0.39906615
0.3487288
0.38229573
0.34866056
0.36540163
0.34860158
0.34850156
0.34851643
0.33155936
0.34828
0.3144133
0.34828
0.29753
0.34841615
0.28084332
0.34830967
0.26380944
0.34816727
0.24669212
0.34805092
0.2295894
0.3480041
0.21259218
0.3479567
0.1955834
0.34790874
0.17856288
0.34783
0.16146332
0.34783
0.14453
0.34783
0.12759668
0.34783
0.110663354
0.34783
0.09372997
0.34783
0.07679665
0.34783
0.05986333
0.34783
0.042930007
0.34783
0.025996685
0.34783
0.009063363
0.34783
-0.007869959
0.36476332
1.00813
0.36476332
0.9911967
0.36476332
0.9742633
0.36476332
0.95733
0.36476332
0.94039667
0.36476332
0.92346334
0.36476332
0.90653
0.36476332
0.88959664
0.36476332
0.8726633
0.36476332
0.85573
0.36476332
0.8387967
0.36485267
0.82165116
0.36489618
0.8046311
0.3649393
0.78762275
0.36503312
0.7705238
0.36510053
0.7534978
0.3652487
0.7363472
0.36516333
0.7196133
0.36516333
0.70273
0.36535808
0.6855789
0.36544102
0.66861624
0.3655016
0.6516994
0.36557063
0.63478935
0.36548176
0.6180347
0.3654937
0.6011822
0.36559054
0.58427966
0.36562303
0.5674335
0.3656496
0.55059767
0.3653967
0.53383833
0.36537752
0.51698655
0.36537105
0.50013
0.36537752
0.48327345
0.3653967
0.46642166
0.3656496
0.44966233
0.36562303
0.43282652
0.36559054
0.41598034
0.3654937
0.39907777
0.36548176
0.38222528
0.36557063
0.36547065
0.3655016
0.34856057
0.36544102
0.33164376
0.36535808
0.3146811
0.36516333
0.29753
0.36516333
0.28064668
0.3652487
0.26391274
0.36510053
0.24676222
0.36503312
0.22973627
0.3649393
0.21263725
0.36489618
0.19562888
0.36485267
0.17860883
0.36476332
0.16146332
0.36476332
0.14453
0.36476332
0.12759668
0.36476332
0.110663354
0.36476332
0.09372997
0.36476332
0.07679665
0.36476332
0.05986333
0.36476332
0.042930007
0.36476332
0.025996685
0.36476332
0.009063363
0.36476332
-0.007869959
0.38169667
1.00813
0.38169667
0.9911967
0.38169667
0.9742633
0.38169667
0.95733
0.38169667
0.94039667
0.38169667
0.92346334
0.38169667
0.90653
0.38169667
0.88959664
0.38169667
0.8726633
0.38169667
0.85573
0.38169667
0.8387967
0.38179007
0.82160985
0.38182887
0.8045901
0.38186738
0.7875821
0.3819609
0.7704594
0.38207874
0.7533113
0.38216838
0.73625326
0.38204667
0.7196133
0.38219053
0.7024834
0.38226846
0.6854981
0.382329
0.66856
0.38239574
0.6516312
0.3823253
0.6348783
0.38233742
0.61802256
0.3824329
0.6010989
0.38246876
0.5842452
0.3822341
0.56755626
0.38219336
0.5507171
0.38216272
0.53386354
0.38214365
0.5169995
0.3824353
0.50013
0.38214365
0.4832605
0.38216272
0.4663965
0.38219336
0.44954288
0.3822341
0.4327038
0.38246876
0.41601485
0.3824329
0.3991611
0.38233742
0.38223743
0.3823253
0.36538178
0.38239574
0.34862882
0.382329
0.33169997
0.38226846
0.31476188
0.38219053
0.29777658
0.38204667
0.28064668
0.38216838
0.26400673
0.38207874
0.24694872
0.3819609
0.22980058
0.38186738
0.2126779
0.38182887
0.19566995
0.38179007
0.1786502
0.38169667
0.16146332
0.38169667
0.14453
0.38169667
0.12759668
0.38169667
0.110663354
0.38169667
0.09372997
0.38169667
0.07679665
0.38169667
0.05986333
0.38169667
0.042930007
0.38169667
0.025996685
0.38169667
0.009063363
0.38169667
-0.007869959
0.39863
1.00813
0.39863
0.9911967
0.39863
0.9742633
0.39863
0.95733
0.39863
0.94039667
0.39863
0.92346334
0.39863
0.90653
0.39863
0.88959664
0.39863
0.8726633
0.39863
0.85573
0.39868757
0.83860475
0.39872155
0.8215734
0.39875537
0.80455387
0.39882442
0.7874458
0.3988779
0.7704023
0.3989914
0.7532265
0.39893
0.7364967
0.39893
0.7196133
0.39909053
0.7024089
0.39914897
0.6854452
0.39921072
0.6684955
0.39916617
0.65172577
0.3991778
0.6348663
0.39926106
0.6179271
0.39929762
0.6010624
0.39907095
0.58442926
0.39902407
0.5676006
0.39929217
0.5505989
0.39933035
0.5337632
0.39935443
0.5169426
0.39936265
0.50013
0.39935443
0.48331738
0.39933035
0.46649677
0.39929217
0.44966108
0.39902407
0.4326594
0.39907095
0.4158308
0.39929762
0.39919764
0.39926106
0.38233292
0.3991778
0.3653937
0.39916617
0.34853423
0.39921072
0.33176452
0.39914897
0.3148148
0.39909053
0.2978511
0.39893
0.28064668
0.39893
0.2637633
0.3989914
0.24703348
0.3988779
0.22985768
0.39882442
0.21281421
0.39875537
0.19570613
0.39872155
0.17868662
0.39868757
0.16165525
0.39863
0.14453
0.39863
0.12759668
0.39863
0.110663354
0.39863
0.09372997
0.39863
0.07679665
0.39863
0.05986333
0.39863
0.042930007
0.39863
0.025996685
0.39863
0.009063363
0.39863
-0.007869959
0.41556334
1.00813
0.41556334
0.9911967
0.41556334
0.9742633
0.41556334
0.95733
0.41556334
0.94039667
0.41556334
0.92346334
0.41556334
0.90653
0.41556334
0.88959664
0.41556334
0.8726633
0.41556334
0.85573
0.41561916
0.83857334
0.41564786
0.8215421
0.41567647
0.8045227
0.41573992
0.7873962
0.41582128
0.77023786
0.41588897
0.7531531
0.41581333
0.7364967
0.41591373
0.71935225
0.41597426
0.7023438
0.4160223
0.6853869
0.41600582
0.6685784
0.4160163
0.6517147
0.41608033
0.63476944
0.41611484
0.61789125
0.41593078
0.60128903
0.4158826
0.5844774
0.41614044
0.56740165
0.4161879
0.5505552
0.4161859
0.5337477
0.41620284
0.51693547
0.4162087
0.50013
0.41620284
0.4833246
0.4161859
0.46651232
0.4161879
0.44970477
0.41614044
0.43285835
0.4158826
0.41578257
0.41593078
0.39897096
0.41611484
0.38236874
0.41608033
0.36549056
0.4160163
0.34854537
0.41600582
0.33168167
0.4160223
0.31487304
0.41597426
0.29791623
0.41591373
0.28090775
0.41581333
0.2637633
0.41588897
0.24710691
0.41582128
0.23002213
0.41573992
0.2128638
0.41567647
0.1957373
0.41564786
0.17871791
0.41561916
0.16168666
0.41556334
0.14453
0.41556334
0.12759668
0.41556334
0.110663354
0.41556334
0.09372997
0.41556334
0.07679665
0.41556334
0.05986333
0.41556334
0.042930007
0.41556334
0.025996685
0.41556334
0.009063363
0.41556334
-0.007869959
0.43249667
1.00813
0.43249667
0.9911967
0.43249667
0.9742633
0.43249667
0.95733
0.43249667
0.94039667
0.43249667
0.92346334
0.43249667
0.90653
0.43249667
0.88959664
0.43249667
0.8726633
0.43249667
0.85573
0.43254653
0.83854735
0.43256977
0.82151616
0.43259293
0.8044968
0.43264765
0.78735495
0.43271843
0.7701763
0.4327735
0.7530918
0.43269667
0.7364967
0.43279403
0.7192969
0.432837
0.702309
0.43288177
0.6853376
0.43285453
0.6685686
0.4328633
0.65170515
0.4329265
0.63473696
0.43280378
0.6181259
0.43275937
0.60133594
0.43295836
0.5842196
0.4330079
0.5673521
0.43301296
0.5505428
0.433038
0.533726
0.43291926
0.5169577
0.432914
0.50013
0.43291926
0.4833023
0.433038
0.46653402
0.43301296
0.44971722
0.4330079
0.43290788
0.43295836
0.41604042
0.43275937
0.39892405
0.43280378
0.38213408
0.4329265
0.36552304
0.4328633
0.3485549
0.43285453
0.33169138
0.43288177
0.3149224
0.432837
0.29795104
0.43279403
0.28096312
0.43269667
0.2637633
0.4327735
0.24716818
0.43271843
0.2300837
0.43264765
0.21290505
0.43259293
0.19576317
0.43256977
0.17874384
0.43254653
0.1617127
0.43249667
0.14453
0.43249667
0.12759668
0.43249667
0.110663354
0.43249667
0.09372997
0.43249667
0.07679665
0.43249667
0.05986333
0.43249667
0.042930007
0.43249667
0.025996685
0.43249667
0.009063363
0.43249667
-0.007869959
0.44943
1.00813
0.44943
0.9911967
0.44943
0.9742633
0.44943
0.95733
0.44943
0.94039667
0.44943
0.92346334
0.44943
0.90653
0.44943
0.88959664
0.44943
0.8726633
0.44943
0.85573
0.44947046
0.8385269
0.44948804
0.8214958
0.44952095
0.80438435
0.44954896
0.7873225
0.44960544
0.77012765
0.44958
0.75338
0.44958
0.7364967
0.4496632
0.7192528
0.4496952
0.7022692
0.4497296
0.6852981
0.44970074
0.6685608
0.4497389
0.65160334
0.44976234
0.63471043
0.44964287
0.6181667
0.4497611
0.60106784
0.44980475
0.5841721
0.4498172
0.56734705
0.44984415
0.5505159
0.44973037
0.5337964
0.44971618
0.5169679
0.449711
0.50013
0.44971618
0.48329204
0.44973037
0.46646357
0.44984415
0.44974416
0.4498172
0.43291295
0.44980475
0.41608793
0.4497611
0.39919215
0.44964287
0.38209337
0.44976234
0.36554962
0.4497389
0.34865665
0.44970074
0.3316992
0.4497296
0.3149619
0.4496952
0.2979908
0.4496632
0.28100717
0.44958
0.2637633
0.44958
0.24688
0.44960544
0.23013234
0.44954896
0.21293753
0.44952095
0.19587564
0.44948804
0.17876422
0.44947046
0.16173309
0.44943
0.14453
0.44943
0.12759668
0.44943
0.110663354
0.44943
0.09372997
0.44943
0.07679665
0.44943
0.05986333
0.44943
0.042930007
0.44943
0.025996685
0.44943
0.009063363
0.44943
-0.007869959
0.46636334
1.00813
0.46636334
0.9911967
0.46636334
0.9742633
0.46636334
0.95733
0.46636334
0.94039667
0.46636334
0.92346334
0.46636334
0.90653
0.46636334
0.88959664
0.46636334
0.8726633
0.46636334
0.85573
0.46639177
0.8385122
0.46640357
0.8214811
0.46642655
0.8043609
0.46644542
0.78729904
0.46648467
0.77009255
0.46646333
0.75338
0.46646333
0.7364967
0.4665237
0.7192209
0.46654496
0.7022402
0.46654034
0.6854232
0.466545
0.668555
0.4665737
0.65158343
0.46652168
0.6349633
0.4664965
0.6181973
0.46659678
0.60102963
0.46661234
0.58417416
0.466634
0.567322
0.46656358
0.5506296
0.466547
0.533813
0.46677876
0.5168556
0.4668028
0.50013
0.46677876
0.4834044
0.466547
0.466447
0.46656358
0.44963038
0.466634
0.43293798
0.46661234
0.4160859
0.46659678
0.39923036
0.4664965
0.38206273
0.46652168
0.36529672
0.4665737
0.34867662
0.466545
0.3317049
0.46654034
0.3148368
0.46654496
0.29801977
0.4665237
0.28103918
0.46646333
0.2637633
0.46646333
0.24688
0.46648467
0.23016745
0.46644542
0.21296096
0.46642655
0.19589907
0.46640357
0.17877895
0.46639177
0.16174781
0.46636334
0.14453
0.46636334
0.12759668
0.46636334
0.110663354
0.46636334
0.09372997
0.46636334
0.07679665
0.46636334
0.05986333
0.46636334
0.042930007
0.46636334
0.025996685
0.46636334
0.009063363
0.46636334
-0.007869959
0.48329666
1.00813
0.48329666
0.9911967
0.48329666
0.9742633
0.48329666
0.95733
0.48329666
0.94039667
0.48329666
0.92346334
0.48329666
0.90653
0.48329666
0.88959664
0.48329666
0.8726633
0.48330542
0.8555463
0.48331133
0.83850336
0.48331726
0.8214722
0.48332906
0.80434674
0.48333853
0.78728485
0.48335868
0.7700713
0.48334667
0.75338
0.48336536
0.73623514
0.48337835
0.71920145
0.48338896
0.7022226
0.48338547
0.6854197
0.48338786
0.66855156
0.4834032
0.65157115
0.48337343
0.63498247
0.48336053
0.6182164
0.4834174
0.60100555
0.48342457
0.58415717
0.4834023
0.56744075
0.48339206
0.5506438
0.48350438
0.53358126
0.48354626
0.51681376
0.483475
0.50013
0.48354626
0.48344624
0.48350438
0.46667874
0.48339206
0.4496162
0.4834023
0.43281925
0.48342457
0.41610283
0.4834174
0.39925444
0.48336053
0.38204366
0.48337343
0.36527753
0.4834032
0.34868884
0.48338786
0.33170843
0.48338547
0.31484032
0.48338896
0.2980374
0.48337835
0.28105855
0.48336536
0.2640249
0.48334667
0.24688
0.48335868
0.23018867
0.48333853
0.21297514
0.48332906
0.19591326
0.48331726
0.17878777
0.48331133
0.1617567
0.48330542
0.1447137
0.48329666
0.12759668
0.48329666
0.110663354
0.48329666
0.09372997
0.48329666
0.07679665
0.48329666
0.05986333
0.48329666
0.042930007
0.48329666
0.025996685
0.48329666
0.009063363
0.48329666
-0.007869959
0.50023
1.00813
0.50023
0.9911967
0.50023
0.9742633
0.50023
0.95733
0.50023
0.94039667
0.50023
0.92346334
0.50023
0.90653
0.50023
0.88959664
0.50023
0.8726633
0.50023
0.8555433
0.50023
0.8385004
0.50023
0.82146925
0.50023
0.80434203
0.50023
0.78728014
0.50023
0.77006423
0.50023
0.75338
0.50023
0.7362286
0.50023
0.7191949
0.50023
0.7022166
0.50023
0.6854185
0.50023
0.6685504
0.50023
0.651567
0.50023
0.63498896
0.50023
0.6179247
0.50023
0.6009973
0.50023
0.58415127
0.50023
0.567446
0.50023
0.550649
0.50023
0.5335572
0.50023
0.51688504
0.50023
0.50013
0.50023
0.483375
0.50023
0.46670282
0.50023
0.449611
0.50023
0.432814
0.50023
0.41610873
0.50023
0.39926267
0.50023
0.3823353
0.50023
0.36527103
0.50023
0.348693
0.50023
0.33170962
0.50023
0.3148415
0.50023
0.2980433
0.50023
0.28106505
0.50023
0.2640314
0.50023
0.24688
0.50023
0.23019576
0.50023
0.21297985
0.50023
0.19591802
0.50023
0.17879075
0.50023
0.16175961
0.50023
0.14471668
0.50023
0.12759668
0.50023
0.110663354
0.50023
0.09372997
0.50023
0.07679665
0.50023
0.05986333
0.50023
0.042930007
0.50023
0.025996685
0.50023
0.009063363
0.50023
-0.007869959
0.51716334
1.00813
0.51716334
0.9911967
0.51716334
0.9742633
0.51716334
0.95733
0.51716334
0.94039667
0.51716334
0.92346334
0.51716334
0.90653
0.51716334
0.88959664
0.51716334
0.8726633
0.5171546
0.8555463
0.5171487
0.83850336
0.5171428
0.8214722
0.5171309
0.80434674
0.51712143
0.78728485
0.51710135
0.7700713
0.5171133
0.75338
0.5170947
0.73623514
0.5170817
0.71920145
0.51707107
0.7022226
0.5170745
0.6854197
0.51707214
0.66855156
0.51705676
0.65157115
0.51708657
0.63498247
0.5170995
0.6182164
0.5170426
0.60100555
0.5170354
0.58415717
0.51705766
0.56744075
0.5170679
0.5506438
0.5169556
0.53358126
0.5169137
0.51681376
0.516985
0.50013
0.5169137
0.48344624
0.5169556
0.46667874
0.5170679
0.4496162
0.51705766
0.43281925
0.5170354
0.41610283
0.5170426
0.39925444
0.5170995
0.38204366
0.51708657
0.36527753
0.51705676
0.34868884
0.51707214
0.33170843
0.5170745
0.31484032
0.51707107
0.2980374
0.5170817
0.28105855
0.5170947
0.2640249
0.5171133
0.24688
0.51710135
0.23018867
0.51712143
0.21297514
0.5171309
0.19591326
0.5171428
0.17878777
0.5171487
0.1617567
0.5171546
0.1447137
0.51716334
0.12759668
0.51716334
0.110663354
0.51716334
0.09372997
0.51716334
0.07679665
0.51716334
0.05986333
0.51716334
0.042930007
0.51716334
0.025996685
0.51716334
0.009063363
0.51716334
-0.007869959
0.53409666
1.00813
0.53409666
0.9911967
0.53409666
0.9742633
0.53409666
0.95733
0.53409666
0.94039667
0.53409666
0.92346334
0.53409666
0.90653
0.53409666
0.88959664
0.53409666
0.8726633
0.53409666
0.85573
0.5340682
0.8385122
0.5340564
0.8214811
0.5340334
0.8043609
0.5340146
0.78729904
0.5339753
0.77009255
0.53399664
0.75338
0.53399664
0.7364967
0.53393626
0.7192209
0.53391504
0.7022402
0.5339197
0.6854232
0.533915
0.668555
0.5338863
0.65158343
0.53393835
0.6349633
0.5339635
0.6181973
0.5338632
0.60102963
0.53384763
0.58417416
0.533826
0.567322
0.5338964
0.5506296
0.533913
0.533813
0.5336813
0.5168556
0.5336572
0.50013
0.5336813
0.4834044
0.533913
0.466447
0.5338964
0.44963038
0.533826
0.43293798
0.53384763
0.4160859
0.5338632
0.39923036
0.5339635
0.38206273
0.53393835
0.36529672
0.5338863
0.34867662
0.533915
0.3317049
0.5339197
0.3148368
0.53391504
0.29801977
0.53393626
0.28103918
0.53399664
0.2637633
0.53399664
0.24688
0.5339753
0.23016745
0.5340146
0.21296096
0.5340334
0.19589907
0.5340564
0.17877895
0.5340682
0.16174781
0.53409666
0.14453
0.53409666
0.12759668
0.53409666
0.110663354
0.53409666
0.09372997
0.53409666
0.07679665
0.53409666
0.05986333
0.53409666
0.042930007
0.53409666
0.025996685
0.53409666
0.009063363
0.53409666
-0.007869959
0.55103
1.00813
0.55103
0.9911967
0.55103
0.9742633
0.55103
0.95733
0.55103
0.94039667
0.55103
0.92346334
0.55103
0.90653
0.55103
0.88959664
0.55103
0.8726633
0.55103
0.85573
0.5509895
0.8385269
0.550972
0.8214958
0.5509391
0.80438435
0.550911
0.7873225
0.55085456
0.77012765
0.55088
0.75338
0.55088
0.7364967
0.5507968
0.7192528
0.5507648
0.7022692
0.5507304
0.6852981
0.55075926
0.6685608
0.5507211
0.65160334
0.5506976
0.63471043
0.55081713
0.6181667
0.55069894
0.60106784
0.55065525
0.5841721
0.5506428
0.56734705
0.55061585
0.5505159
0.55072963
0.5337964
0.5507438
0.5169679
0.550749
0.50013
0.5507438
0.48329204
0.55072963
0.46646357
0.55061585
0.44974416
0.5506428
0.43291295
0.55065525
0.41608793
0.55069894
0.39919215
0.55081713
0.38209337
0.5506976
0.36554962
0.5507211
0.34865665
0.55075926
0.3316992
0.5507304
0.3149619
0.5507648
0.2979908
0.5507968
0.28100717
0.55088
0.2637633
0.55088
0.24688
0.55085456
0.23013234
0.550911
0.21293753
0.5509391
0.19587564
0.550972
0.17876422
0.5509895
0.16173309
0.55103
0.14453
0.55103
0.12759668
0.55103
0.110663354
0.55103
0.09372997
0.55103
0.07679665
0.55103
0.05986333
0.55103
0.042930007
0.55103
0.025996685
0.55103
0.009063363
0.55103
-0.007869959
0.56796336
1.00813
0.56796336
0.9911967
0.56796336
0.9742633
0.56796336
0.95733
0.56796336
0.94039667
0.56796336
0.92346334
0.56796336
0.90653
0.56796336
0.88959664
0.56796336
0.8726633
0.56796336
0.85573
0.5679135
0.83854735
0.5678902
0.82151616
0.5678671
0.8044968
0.5678123
0.78735495
0.5677416
0.7701763
0.5676865
0.7530918
0.5677633
0.7364967
0.56766593
0.7192969
0.567623
0.702309
0.5675782
0.6853376
0.56760544
0.6685686
0.56759673
0.65170515
0.5675335
0.63473696
0.5676562
0.6181259
0.5677006
0.60133594
0.56750166
0.5842196
0.56745213
0.5673521
0.56744707
0.5505428
0.56742203
0.533726
0.56754076
0.5169577
0.567546
0.50013
0.56754076
0.4833023
0.56742203
0.46653402
0.56744707
0.44971722
0.56745213
0.43290788
0.56750166
0.41604042
0.5677006
0.39892405
0.5676562
0.38213408
0.5675335
0.36552304
0.56759673
0.3485549
0.56760544
0.33169138
0.5675782
0.3149224
0.567623
0.29795104
0.56766593
0.28096312
0.5677633
0.2637633
0.5676865
0.24716818
0.5677416
0.2300837
0.5678123
0.21290505
0.5678671
0.19576317
0.5678902
0.17874384
0.5679135
0.1617127
0.56796336
0.14453
0.56796336
0.12759668
0.56796336
0.110663354
0.56796336
0.09372997
0.56796336
0.07679665
0.56796336
0.05986333
0.56796336
0.042930007
0.56796336
0.025996685
0.56796336
0.009063363
0.56796336
-0.007869959
0.5848967
1.00813
0.5848967
0.9911967
0.5848967
0.9742633
0.5848967
0.95733
0.5848967
0.94039667
0.5848967
0.92346334
0.5848967
0.90653
0.5848967
0.88959664
0.5848967
0.8726633
0.5848967
0.85573
0.58484083
0.83857334
0.5848121
0.8215421
0.58478355
0.8045227
0.5847201
0.7873962
0.5846387
0.77023786
0.584571
0.7531531
0.58464664
0.7364967
0.58454627
0.71935225
0.58448577
0.7023438
0.5844377
0.6853869
0.5844542
0.6685784
0.5844437
0.6517147
0.5843797
0.63476944
0.58434516
0.61789125
0.5845292
0.60128903
0.5845774
0.5844774
0.58431953
0.56740165
0.5842721
0.5505552
0.5842741
0.5337477
0.5842572
0.51693547
0.5842513
0.50013
0.5842572
0.4833246
0.5842741
0.46651232
0.5842721
0.44970477
0.58431953
0.43285835
0.5845774
0.41578257
0.5845292
0.39897096
0.58434516
0.38236874
0.5843797
0.36549056
0.5844437
0.34854537
0.5844542
0.33168167
0.5844377
0.31487304
0.58448577
0.29791623
0.58454627
0.28090775
0.58464664
0.2637633
0.584571
0.24710691
0.5846387
0.23002213
0.5847201
0.2128638
0.58478355
0.1957373
0.5848121
0.17871791
0.58484083
0.16168666
0.5848967
0.14453
0.5848967
0.12759668
0.5848967
0.110663354
0.5848967
0.09372997
0.5848967
0.07679665
0.5848967
0.05986333
0.5848967
0.042930007
0.5848967
0.025996685
0.5848967
0.009063363
0.5848967
-0.007869959
0.60183
1.00813
0.60183
0.9911967
0.60183
0.9742633
0.60183
0.95733
0.60183
0.94039667
0.60183
0.92346334
0.60183
0.90653
0.60183
0.88959664
0.60183
0.8726633
0.60183
0.85573
0.6017724
0.83860475
0.60173845
0.8215734
0.6017046
0.80455387
0.6016356
0.7874458
0.6015821
0.7704023
0.6014686
0.7532265
0.60153
0.7364967
0.60153
0.7196133
0.60136944
0.7024089
0.601311
0.6854452
0.6012493
0.6684955
0.60129386
0.65172577
0.60128224
0.6348663
0.6011989
0.6179271
0.6011624
0.6010624
0.60138905
0.58442926
0.60143596
0.5676006
0.60116786
0.5505989
0.60112965
0.5337632
0.6011056
0.5169426
0.60109735
0.50013
0.6011056
0.48331738
0.60112965
0.46649677
0.60116786
0.44966108
0.60143596
0.4326594
0.60138905
0.4158308
0.6011624
0.39919764
0.6011989
0.38233292
0.60128224
0.3653937
0.60129386
0.34853423
0.6012493
0.33176452
0.601311
0.3148148
0.60136944
0.2978511
0.60153
0.28064668
0.60153
0.2637633
0.6014686
0.24703348
0.6015821
0.22985768
0.6016356
0.21281421
0.6017046
0.19570613
0.60173845
0.17868662
0.6017724
0.16165525
0.60183
0.14453
0.60183
0.12759668
0.60183
0.110663354
0.60183
0.09372997
0.60183
0.07679665
0.60183
0.05986333
0.60183
0.042930007
0.60183
0.025996685
0.60183
0.009063363
0.60183
-0.007869959
0.6187633
1.00813
0.6187633
0.9911967
0.6187633
0.9742633
0.6187633
0.95733
0.6187633
0.94039667
0.6187633
0.92346334
0.6187633
0.90653
0.6187633
0.88959664
0.6187633
0.8726633
0.6187633
0.85573
0.6187633
0.8387967
0.6186699
0.82160985
0.6186311
0.8045901
0.6185926
0.7875821
0.6184991
0.7704594
0.61838126
0.7533113
0.6182916
0.73625326
0.6184133
0.7196133
0.6182695
0.7024834
0.61819154
0.6854981
0.61813104
0.66856
0.6180643
0.6516312
0.61813474
0.6348783
0.6181226
0.61802256
0.6180271
0.6010989
0.6179912
0.5842452
0.61822593
0.56755626
0.61826664
0.5507171
0.6182973
0.53386354
0.61831635
0.5169995
0.6180247
0.50013
0.61831635
0.4832605
0.6182973
0.4663965
0.61826664
0.44954288
0.61822593
0.4327038
0.6179912
0.41601485
0.6180271
0.3991611
0.6181226
0.38223743
0.61813474
0.36538178
0.6180643
0.34862882
0.61813104
0.33169997
0.61819154
0.31476188
0.6182695
0.29777658
0.6184133
0.28064668
0.6182916
0.26400673
0.61838126
0.24694872
0.6184991
0.22980058
0.6185926
0.2126779
0.6186311
0.19566995
0.6186699
0.1786502
0.6187633
0.16146332
0.6187633
0.14453
0.6187633
0.12759668
0.6187633
0.110663354
0.6187633
0.09372997
0.6187633
0.07679665
0.6187633
0.05986333
0.6187633
0.042930007
0.6187633
0.025996685
0.6187633
0.009063363
0.6187633
-0.007869959
0.63569665
1.00813
0.63569665
0.9911967
0.63569665
0.9742633
0.63569665
0.95733
0.63569665
0.94039667
0.63569665
0.92346334
0.63569665
0.90653
0.63569665
0.88959664
0.63569665
0.8726633
0.63569665
0.85573
0.63569665
0.8387967
0.6356073
0.82165116
0.6355638
0.8046311
0.6355207
0.78762275
0.6354269
0.7705238
0.63535947
0.7534978
0.6352113
0.7363472
0.63529664
0.7196133
0.63529664
0.70273
0.6351019
0.6855789
0.635019
0.66861624
0.6349584
0.6516994
0.63488936
0.63478935
0.63497823
0.6180347
0.6349663
0.6011822
0.63486946
0.58427966
0.634837
0.5674335
0.6348104
0.55059767
0.6350633
0.53383833
0.6350825
0.51698655
0.635089
0.50013
0.6350825
0.48327345
0.6350633
0.46642166
0.6348104
0.44966233
0.634837
0.43282652
0.63486946
0.41598034
0.6349663
0.39907777
0.63497823
0.38222528
0.63488936
0.36547065
0.6349584
0.34856057
0.635019
0.33164376
0.6351019
0.3146811
0.63529664
0.29753
0.63529664
0.28064668
0.6352113
0.26391274
0.63535947
0.24676222
0.6354269
0.22973627
0.6355207
0.21263725
0.6355638
0.19562888
0.6356073
0.17860883
0.63569665
0.16146332
0.63569665
0.14453
0.63569665
0.12759668
0.63569665
0.110663354
0.63569665
0.09372997
0.63569665
0.07679665
0.63569665
0.05986333
0.63569665
0.042930007
0.63569665
0.025996685
0.63569665
0.009063363
0.63569665
-0.007869959
0.65263
1.00813
0.65263
0.9911967
0.65263
0.9742633
0.65263
0.95733
0.65263
0.94039667
0.65263
0.92346334
0.65263
0.90653
0.65263
0.88959664
0.65263
0.8726633
0.65263
0.85573
0.65263
0.8387967
0.6525513
0.8216971
0.6525033
0.80467665
0.65245587
0.78766775
0.6524091
0.77067053
0.6522927
0.7535679
0.65215033
0.73645055
0.6520439
0.7194167
0.65218
0.70273
0.65218
0.6858467
0.65194356
0.66870064
0.6518584
0.65175843
0.65179944
0.63485837
0.6517312
0.61796427
0.6518257
0.60119385
0.65181464
0.5843437
0.6518051
0.5674967
0.65170336
0.55062115
0.6516834
0.5337863
0.6516711
0.5169568
0.651667
0.50013
0.6516711
0.4833032
0.6516834
0.4664737
0.65170336
0.4496389
0.6518051
0.43276328
0.65181464
0.41591632
0.6518257
0.39906615
0.6517312
0.38229573
0.65179944
0.36540163
0.6518584
0.34850156
0.65194356
0.33155936
0.65218
0.3144133
0.65218
0.29753
0.6520439
0.28084332
0.65215033
0.26380944
0.6522927
0.24669212
0.6524091
0.2295894
0.65245587
0.21259218
0.6525033
0.1955834
0.6525513
0.17856288
0.65263
0.16146332
0.65263
0.14453
0.65263
0.12759668
0.65263
0.110663354
0.65263
0.09372997
0.65263
0.07679665
0.65263
0.05986333
0.65263
0.042930007
0.65263
0.025996685
0.65263
0.009063363
0.65263
-0.007869959
0.66956335
1.00813
0.66956335
0.9911967
0.66956335
0.9742633
0.66956335
0.95733
0.66956335
0.94039667
0.66956335
0.92346334
0.66956335
0.90653
0.66956335
0.88959664
0.66956335
0.8726633
0.66956335
0.85573
0.66956335
0.8387967
0.66956335
0.82186335
0.6694502
0.8047264
0.6693988
0.7877169
0.6693481
0.77071893
0.6692393
0.75364393
0.66916126
0.7366338
0.668996
0.7195257
0.66888493
0.7025159
0.6690633
0.6858467
0.6690633
0.6689633
0.6688006
0.65184355
0.6687162
0.634919
0.66866004
0.618031
0.6685955
0.6011493
0.66867834
0.58435416
0.6686686
0.5675055
0.6686608
0.55065924
0.66865504
0.533815
0.6686516
0.5169722
0.6686504
0.50013
0.6686516
0.48328787
0.66865504
0.46644497
0.6686608
0.44960076
0.6686686
0.43275458
0.66867834
0.41590583
0.6685955
0.39911073
0.66866004
0.38222897
0.6687162
0.365341
0.6688006
0.34841645
0.6690633
0.33129668
0.6690633
0.3144133
0.66888493
0.2977441
0.668996
0.28073424
0.66916126
0.26362622
0.6692393
0.24661607
0.6693481
0.22954106
0.6693988
0.21254307
0.6694502
0.19553357
0.66956335
0.17839664
0.66956335
0.16146332
0.66956335
0.14453
0.66956335
0.12759668
0.66956335
0.110663354
0.66956335
0.09372997
0.66956335
0.07679665
0.66956335
0.05986333
0.66956335
0.042930007
0.66956335
0.025996685
0.66956335
0.009063363
0.66956335
-0.007869959
0.6864967
1.00813
0.6864967
0.9911967
0.6864967
0.9742633
0.6864967
0.95733
0.6864967
0.94039667
0.6864967
0.92346334
0.6864967
0.90653
0.6864967
0.88959664
0.6864967
0.8726633
0.6864967
0.85573
0.6864967
0.8387967
0.6864967
0.82186335
0.6864967
0.80493
0.6863499
0.78776985
0.6862957
0.77077097
0.6862425
0.75378346
0.68611693
0.7367134
0.6860361
0.71971905
0.6858534
0.70262825
0.68574035
0.68564034
0.68594664
0.6689633
0.68594664
0.65208
0.6856789
0.6350019
0.68559813
0.6180916
0.6855452
0.601211
0.6854869
0.5843377
0.6854376
0.5674782
0.6853981
0.5506304
0.6855232
0.5338197
0.68551964
0.5169745
0.6855185
0.50013
0.68551964
0.4832855
0.6855232
0.46644032
0.6853981
0.4496296
0.6854376
0.43278176
0.6854869
0.41592228
0.6855452
0.39904898
0.68559813
0.38216847
0.6856789
0.3652581
0.68594664
0.34818
0.68594664
0.33129668
0.68574035
0.3146196
0.6858534
0.29763174
0.6860361
0.28054094
0.68611693
0.26354665
0.6862425
0.24647659
0.6862957
0.22948903
0.6863499
0.21249014
0.6864967
0.19533002
0.6864967
0.17839664
0.6864967
0.16146332
0.6864967
0.14453
0.6864967
0.12759668
0.6864967
0.110663354
0.6864967
0.09372997
0.6864967
0.07679665
0.6864967
0.05986333
0.6864967
0.042930007
0.6864967
0.025996685
0.6864967
0.009063363
0.6864967
-0.007869959
0.70343
1.00813
0.70343
0.9911967
0.70343
0.9742633
0.70343
0.95733
0.70343
0.94039667
0.70343
0.92346334
0.70343
0.90653
0.70343
0.88959664
0.70343
0.8726633
0.70343
0.85573
0.70343
0.8387967
0.70343
0.82186335
0.70343
0.80493
0.7033097
0.7878263
0.7032522
0.7708263
0.703196
0.75383747
0.7031412
0.7368598
0.7030029
0.7198007
0.70292085
0.7028209
0.7027283
0.6857534
0.7026159
0.6687849
0.70283
0.65208
0.70283
0.6351967
0.7025834
0.6181695
0.7025089
0.6012695
0.7024438
0.58438575
0.70240897
0.567523
0.7023692
0.5506648
0.7023402
0.533815
0.7023226
0.51697105
0.70231664
0.50013
0.7023226
0.48328894
0.7023402
0.46644497
0.7023692
0.4495952
0.70240897
0.432737
0.7024438
0.41587424
0.7025089
0.3989905
0.7025834
0.3820905
0.70283
0.3650633
0.70283
0.34818
0.7026159
0.33147508
0.7027283
0.3145066
0.70292085
0.2974391
0.7030029
0.28045934
0.7031412
0.26340026
0.703196
0.24642253
0.7032522
0.22943372
0.7033097
0.2124337
0.70343
0.19533002
0.70343
0.17839664
0.70343
0.16146332
0.70343
0.14453
0.70343
0.12759668
0.70343
0.110663354
0.70343
0.09372997
0.70343
0.07679665
0.70343
0.05986333
0.70343
0.042930007
0.70343
0.025996685
0.70343
0.009063363
0.70343
-0.007869959
0.7203633
1.00813
0.7203633
0.9911967
0.7203633
0.9742633
0.7203633
0.95733
0.7203633
0.94039667
0.7203633
0.92346334
0.7203633
0.90653
0.7203633
0.88959664
0.7203633
0.8726633
0.7203633
0.85573
0.7203633
0.8387967
0.7203633
0.82186335
0.7203633
0.80493
0.7203633
0.78799665
0.7202182
0.77088463
0.7201591
0.7538944
0.7201018
0.736915
0.7200463
0.71994627
0.71990067
0.7029029
0.719819
0.6859361
0.7196257
0.66889596
0.7195167
0.65194386
0.71971333
0.6351967
0.71971333
0.6183133
0.71971333
0.60143
0.71945226
0.58444625
0.7193969
0.5675659
0.71935284
0.55069685
0.71932083
0.53383625
0.71930146
0.51698166
0.7192949
0.50013
0.71930146
0.48327833
0.71932083
0.4664237
0.71935284
0.4495632
0.7193969
0.43269402
0.71945226
0.41581374
0.71971333
0.39883
0.71971333
0.38194668
0.71971333
0.3650633
0.7195167
0.34831613
0.7196257
0.33136404
0.719819
0.3143239
0.71990067
0.29735708
0.7200463
0.28031367
0.7201018
0.263345
0.7201591
0.2463656
0.7202182
0.22937536
0.7203633
0.21226335
0.7203633
0.19533002
0.7203633
0.17839664
0.7203633
0.16146332
0.7203633
0.14453
0.7203633
0.12759668
0.7203633
0.110663354
0.7203633
0.09372997
0.7203633
0.07679665
0.7203633
0.05986333
0.7203633
0.042930007
0.7203633
0.025996685
0.7203633
0.009063363
0.7203633
-0.007869959
0.73729664
1.00813
0.73729664
0.9911967
0.73729664
0.9742633
0.73729664
0.95733
0.73729664
0.94039667
0.73729664
0.92346334
0.73729664
0.90653
0.73729664
0.88959664
0.73729664
0.8726633
0.73729664
0.85573
0.73729664
0.8387967
0.73729664
0.82186335
0.73729664
0.80493
0.73729664
0.78799665
0.73729664
0.7710633
0.73713225
0.7539538
0.7370726
0.7369726
0.737015
0.7200018
0.73695976
0.7030412
0.73681337
0.6860169
0.73673373
0.66906124
0.7365505
0.6520504
0.7364472
0.6351113
0.7363533
0.6181916
0.73659664
0.60143
0.73659664
0.5845467
0.73659664
0.5676633
0.73659664
0.55078
0.73659664
0.5338967
0.7363351
0.51699466
0.7363286
0.50013
0.7363351
0.48326534
0.73659664
0.4663633
0.73659664
0.44948
0.73659664
0.43259668
0.73659664
0.4157133
0.73659664
0.39883
0.7363533
0.3820684
0.7364472
0.36514872
0.7365505
0.34820968
0.73673373
0.33119875
0.73681337
0.31424308
0.73695976
0.2972188
0.737015
0.28025824
0.7370726
0.26328743
0.73713225
0.24630618
0.73729664
0.22919667
0.73729664
0.21226335
0.73729664
0.19533002
0.73729664
0.17839664
0.73729664
0.16146332
0.73729664
0.14453
0.73729664
0.12759668
0.73729664
0.110663354
0.73729664
0.09372997
0.73729664
0.07679665
0.73729664
0.05986333
0.73729664
0.042930007
0.73729664
0.025996685
0.73729664
0.009063363
0.73729664
-0.007869959
0.75423
1.00813
0.75423
0.9911967
0.75423
0.9742633
0.75423
0.95733
0.75423
0.94039667
0.75423
0.92346334
0.75423
0.90653
0.75423
0.88959664
0.75423
0.8726633
0.75423
0.85573
0.75423
0.8387967
0.75423
0.82186335
0.75423
0.80493
0.75423
0.78799665
0.75423
0.7710633
0.75423
0.75413
0.75405383
0.7370323
0.7539944
0.72005916
0.7539375
0.70309603
0.7538834
0.6861425
0.75374395
0.66913927
0.7536679
0.6521927
0.7535978
0.6352595
0.7534113
0.61828125
0.75332654
0.6013686
0.7532531
0.58447105
0.7531918
0.5675865
0.75348
0.55078
0.75348
0.5338967
0.75348
0.5170133
0.75348
0.50013
0.75348
0.48324668
0.75348
0.4663633
0.75348
0.44948
0.7531918
0.4326735
0.7532531
0.41578895
0.75332654
0.3988914
0.7534113
0.38197875
0.7535978
0.36500055
0.7536679
0.34806728
0.75374395
0.33112073
0.7538834
0.3141175
0.7539375
0.29716402
0.7539944
0.28020084
0.75405383
0.26322776
0.75423
0.24612999
0.75423
0.22919667
0.75423
0.21226335
0.75423
0.19533002
0.75423
0.17839664
0.75423
0.16146332
0.75423
0.14453
0.75423
0.12759668
0.75423
0.110663354
0.75423
0.09372997
0.75423
0.07679665
0.75423
0.05986333
0.75423
0.042930007
0.75423
0.025996685
0.75423
0.009063363
0.75423
-0.007869959
0.77116334
1.00813
0.77116334
0.9911967
0.77116334
0.9742633
0.77116334
0.95733
0.77116334
0.94039667
0.77116334
0.92346334
0.77116334
0.90653
0.77116334
0.88959664
0.77116334
0.8726633
0.77116334
0.85573
0.77116334
0.8387967
0.77116334
0.82186335
0.77116334
0.80493
0.77116334
0.78799665
0.77116334
0.7710633
0.77116334
0.75413
0.77116334
0.7371967
0.77098465
0.72011817
0.7709263
0.7031522
0.770871
0.6861957
0.77081895
0.6692481
0.77077055
0.65230906
0.77062374
0.63532686
0.7705594
0.61839914
0.7705023
0.60148215
0.7703379
0.5845387
0.77027625
0.56764156
0.7702277
0.55075455
0.77019256
0.53387535
0.77017134
0.51700133
0.77016425
0.50013
0.77017134
0.48325866
0.77019256
0.4663847
0.7702277
0.44950545
0.77027625
0.43261844
0.7703379
0.4157213
0.7705023
0.3987779
0.7705594
0.3818609
0.77062374
0.36493313
0.77077055
0.34795094
0.77081895
0.3310119
0.770871
0.31406432
0.7709263
0.29710776
0.77098465
0.28014183
0.77116334
0.2630633
0.77116334
0.24612999
0.77116334
0.22919667
0.77116334
0.21226335
0.77116334
0.19533002
0.77116334
0.17839664
0.77116334
0.16146332
0.77116334
0.14453
0.77116334
0.12759668
0.77116334
0.110663354
0.77116334
0.09372997
0.77116334
0.07679665
0.77116334
0.05986333
0.77116334
0.042930007
0.77116334
0.025996685
0.77116334
0.009063363
0.77116334
-0.007869959
0.78809667
1.00813
0.78809667
0.9911967
0.78809667
0.9742633
0.78809667
0.95733
0.78809667
0.94039667
0.78809667
0.92346334
0.78809667
0.90653
0.78809667
0.88959664
0.78809667
0.8726633
0.78809667
0.85573
0.78809667
0.8387967
0.78809667
0.82186335
0.78809667
0.80493
0.78809667
0.78799665
0.78809667
0.7710633
0.78809667
0.75413
0.78809667
0.7371967
0.78809667
0.72026336
0.78792626
0.70320976
0.7878699
0.6862499
0.78781694
0.66929877
0.78776777
0.6523559
0.78772277
0.6354207
0.7876821
0.6184926
0.7875458
0.60153556
0.7874962
0.58462006
0.78745496
0.5677123
0.7874225
0.55081105
0.78739905
0.53391457
0.78738487
0.5170215
0.78738016
0.50013
0.78738487
0.48323852
0.78739905
0.46634543
0.7874225
0.44944894
0.78745496
0.43254763
0.7874962
0.41563994
0.7875458
0.39872444
0.7876821
0.3817674
0.78772277
0.36483932
0.78776777
0.3479041
0.78781694
0.33096123
0.7878699
0.31401008
0.78792626
0.2970503
0.78809667
0.2799967
0.78809667
0.2630633
0.78809667
0.24612999
0.78809667
0.22919667
0.78809667
0.21226335
0.78809667
0.19533002
0.78809667
0.17839664
0.78809667
0.16146332
0.78809667
0.14453
0.78809667
0.12759668
0.78809667
0.110663354
0.78809667
0.09372997
0.78809667
0.07679665
0.78809667
0.05986333
0.78809667
0.042930007
0.78809667
0.025996685
0.78809667
0.009063363
0.78809667
-0.007869959
0.80503
1.00813
0.80503
0.9911967
0.80503
0.9742633
0.80503
0.95733
0.80503
0.94039667
0.80503
0.92346334
0.80503
0.90653
0.80503
0.88959664
0.80503
0.8726633
0.80503
0.85573
0.80503
0.8387967
0.80503
0.82186335
0.80503
0.80493
0.80503
0.78799665
0.80503
0.7710633
0.80503
0.75413
0.80503
0.7371967
0.80503
0.72026336
0.80503
0.70333004
0.80503
0.68639666
0.8048264
0.66935027
0.8047766
0.65240335
0.8047311
0.63546383
0.80469006
0.6185311
0.8046539
0.6016046
0.8046227
0.58468354
0.80459684
0.5677671
0.80448437
0.55083907
0.8044609
0.5339334
0.80444676
0.51703095
0.804442
0.50013
0.80444676
0.48322904
0.8044609
0.4663266
0.80448437
0.44942093
0.80459684
0.4324929
0.8046227
0.41557646
0.8046539
0.39865535
0.80469006
0.3817289
0.8047311
0.36479616
0.8047766
0.3478567
0.8048264
0.3309098
0.80503
0.31386334
0.80503
0.29693002
0.80503
0.2799967
0.80503
0.2630633
0.80503
0.24612999
0.80503
0.22919667
0.80503
0.21226335
0.80503
0.19533002
0.80503
0.17839664
0.80503
0.16146332
0.80503
0.14453
0.80503
0.12759668
0.80503
0.110663354
0.80503
0.09372997
0.80503
0.07679665
0.80503
0.05986333
0.80503
0.042930007
0.80503
0.025996685
0.80503
0.009063363
0.80503
-0.007869959
0.8219633
1.00813
0.8219633
0.9911967
0.8219633
0.9742633
0.8219633
0.95733
0.8219633
0.94039667
0.8219633
0.92346334
0.8219633
0.90653
0.8219633
0.88959664
0.8219633
0.8726633
0.8219633
0.85573
0.8219633
0.8387967
0.8219633
0.82186335
0.8219633
0.80493
0.8219633
0.78799665
0.8219633
0.7710633
0.8219633
0.75413
0.8219633
0.7371967
0.8219633
0.72026336
0.8219633
0.70333004
0.8219633
0.68639666
0.8219633
0.66946334
0.82179713
0.6524513
0.8217512
0.63550735
0.8217098
0.61856997
0.8216734
0.60163844
0.8216421
0.58471215
0.8216162
0.56779027
0.8215958
0.55087197
0.82158107
0.5339564
0.82157224
0.51704276
0.82156926
0.50013
0.82157224
0.48321724
0.82158107
0.4663036
0.8215958
0.44938803
0.8216162
0.4324698
0.8216421
0.41554785
0.8216734
0.39862156
0.8217098
0.38169008
0.8217512
0.36475265
0.82179713
0.34780872
0.8219633
0.33079666
0.8219633
0.31386334
0.8219633
0.29693002
0.8219633
0.2799967
0.8219633
0.2630633
0.8219633
0.24612999
0.8219633
0.22919667
0.8219633
0.21226335
0.8219633
0.19533002
0.8219633
0.17839664
0.8219633
0.16146332
0.8219633
0.14453
0.8219633
0.12759668
0.8219633
0.110663354
0.8219633
0.09372997
0.8219633
0.07679665
0.8219633
0.05986333
0.8219633
0.042930007
0.8219633
0.025996685
0.8219633
0.009063363
0.8219633
-0.007869959
0.8388967
1.00813
0.8388967
0.9911967
0.8388967
0.9742633
0.8388967
0.95733
0.8388967
0.94039667
0.8388967
0.92346334
0.8388967
0.90653
0.8388967
0.88959664
0.8388967
0.8726633
0.8388967
0.85573
0.8388967
0.8387967
0.8388967
0.82186335
0.8388967
0.80493
0.8388967
0.78799665
0.8388967
0.7710633
0.8388967
0.75413
0.8388967
0.7371967
0.8388967
0.72026336
0.8388967
0.70333004
0.8388967
0.68639666
0.8388967
0.66946334
0.8388967
0.65253
0.8388967
0.63559663
0.8388967
0.6186633
0.83870476
0.6016724
0.8386733
0.5847408
0.8386473
0.56781346
0.83862686
0.5508895
0.8386122
0.5339682
0.8386033
0.51704866
0.8386004
0.50013
0.8386033
0.48321134
0.8386122
0.4662918
0.83862686
0.44937044
0.8386473
0.43244654
0.8386733
0.41551918
0.83870476
0.39858758
0.8388967
0.38159668
0.8388967
0.36466336
0.8388967
0.34772998
0.8388967
0.33079666
0.8388967
0.31386334
0.8388967
0.29693002
0.8388967
0.2799967
0.8388967
0.2630633
0.8388967
0.24612999
0.8388967
0.22919667
0.8388967
0.21226335
0.8388967
0.19533002
0.8388967
0.17839664
0.8388967
0.16146332
0.8388967
0.14453
0.8388967
0.12759668
0.8388967
0.110663354
0.8388967
0.09372997
0.8388967
0.07679665
0.8388967
0.05986333
0.8388967
0.042930007
0.8388967
0.025996685
0.8388967
0.009063363
0.8388967
-0.007869959
0.85583
1.00813
0.85583
0.9911967
0.85583
0.9742633
0.85583
0.95733
0.85583
0.94039667
0.85583
0.92346334
0.85583
0.90653
0.85583
0.88959664
0.85583
0.8726633
0.85583
0.85573
0.85583
0.8387967
0.85583
0.82186335
0.85583
0.80493
0.85583
0.78799665
0.85583
0.7710633
0.85583
0.75413
0.85583
0.7371967
0.85583
0.72026336
0.85583
0.70333004
0.85583
0.68639666
0.85583
0.66946334
0.85583
0.65253
0.85583
0.63559663
0.85583
0.6186633
0.85583
0.60173
0.85583
0.58479667
0.85583
0.56786335
0.85583
0.55093
0.85583
0.5339967
0.8556463
0.51705456
0.85564333
0.50013
0.8556463
0.48320544
0.85583
0.46626335
0.85583
0.44932997
0.85583
0.43239665
0.85583
0.41546333
0.85583
0.39853
0.85583
0.38159668
0.85583
0.36466336
0.85583
0.34772998
0.85583
0.33079666
0.85583
0.31386334
0.85583
0.29693002
0.85583
0.2799967
0.85583
0.2630633
0.85583
0.24612999
0.85583
0.22919667
0.85583
0.21226335
0.85583
0.19533002
0.85583
0.17839664
0.85583
0.16146332
0.85583
0.14453
0.85583
0.12759668
0.85583
0.110663354
0.85583
0.09372997
0.85583
0.07679665
0.85583
0.05986333
0.85583
0.042930007
0.85583
0.025996685
0.85583
0.009063363
0.85583
-0.007869959
0.87276334
1.00813
0.87276334
0.9911967
0.87276334
0.9742633
0.87276334
0.95733
0.87276334
0.94039667
0.87276334
0.92346334
0.87276334
0.90653
0.87276334
0.88959664
0.87276334
0.8726633
0.87276334
0.85573
0.87276334
0.8387967
0.87276334
0.82186335
0.87276334
0.80493
0.87276334
0.78799665
0.87276334
0.7710633
0.87276334
0.75413
0.87276334
0.7371967
0.87276334
0.72026336
0.87276334
0.70333004
0.87276334
0.68639666
0.87276334
0.66946334
0.87276334
0.65253
0.87276334
0.63559663
0.87276334
0.6186633
0.87276334
0.60173
0.87276334
0.58479667
0.87276334
0.56786335
0.87276334
0.55093
0.87276334
0.5339967
0.87276334
0.5170633
0.87276334
0.50013
0.87276334
0.48319668
0.87276334
0.46626335
0.87276334
0.44932997
0.87276334
0.43239665
0.87276334
0.41546333
0.87276334
0.39853
0.87276334
0.38159668
0.87276334
0.36466336
0.87276334
0.34772998
0.87276334
0.33079666
0.87276334
0.31386334
0.87276334
0.29693002
0.87276334
0.2799967
0.87276334
0.2630633
0.87276334
0.24612999
0.87276334
0.22919667
0.87276334
0.21226335
0.87276334
0.19533002
0.87276334
0.17839664
0.87276334
0.16146332
0.87276334
0.14453
0.87276334
0.12759668
0.87276334
0.110663354
0.87276334
0.09372997
0.87276334
0.07679665
0.87276334
0.05986333
0.87276334
0.042930007
0.87276334
0.025996685
0.87276334
0.009063363
0.87276334
-0.007869959
0.88969666
1.00813
0.88969666
0.9911967
0.88969666
0.9742633
0.88969666
0.95733
0.88969666
0.94039667
0.88969666
0.92346334
0.88969666
0.90653
0.88969666
0.88959664
0.88969666
0.8726633
0.88969666
0.85573
0.88969666
0.8387967
0.88969666
0.82186335
0.88969666
0.80493
0.88969666
0.78799665
0.88969666
0.7710633
0.88969666
0.75413
0.88969666
0.7371967
0.88969666
0.72026336
0.88969666
0.70333004
0.88969666
0.68639666
0.88969666
0.66946334
0.88969666
0.65253
0.88969666
0.63559663
0.88969666
0.6186633
0.88969666
0.60173
0.88969666
0.58479667
0.88969666
0.56786335
0.88969666
0.55093
0.88969666
0.5339967
0.88969666
0.5170633
0.88969666
0.50013
0.88969666
0.48319668
0.88969666
0.46626335
0.88969666
0.44932997
0.88969666
0.43239665
0.88969666
0.41546333
0.88969666
0.39853
0.88969666
0.38159668
0.88969666
0.36466336
0.88969666
0.34772998
0.88969666
0.33079666
0.88969666
0.31386334
0.88969666
0.29693002
0.88969666
0.2799967
0.88969666
0.2630633
0.88969666
0.24612999
0.88969666
0.22919667
0.88969666
0.21226335
0.88969666
0.19533002
0.88969666
0.17839664
0.88969666
0.16146332
0.88969666
0.14453
0.88969666
0.12759668
0.88969666
0.110663354
0.88969666
0.09372997
0.88969666
0.07679665
0.88969666
0.05986333
0.88969666
0.042930007
0.88969666
0.025996685
0.88969666
0.009063363
0.88969666
-0.007869959
0.90663
1.00813
0.90663
0.9911967
0.90663
0.9742633
0.90663
0.95733
0.90663
0.94039667
0.90663
0.92346334
0.90663
0.90653
0.90663
0.88959664
0.90663
0.8726633
0.90663
0.85573
0.90663
0.8387967
0.90663
0.82186335
0.90663
0.80493
0.90663
0.78799665
0.90663
0.7710633
0.90663
0.75413
0.90663
0.7371967
0.90663
0.72026336
0.90663
0.70333004
0.90663
0.68639666
0.90663
0.66946334
0.90663
0.65253
0.90663
0.63559663
0.90663
0.6186633
0.90663
0.60173
0.90663
0.58479667
0.90663
0.56786335
0.90663
0.55093
0.90663
0.5339967
0.90663
0.5170633
0.90663
0.50013
0.90663
0.48319668
0.90663
0.46626335
0.90663
0.44932997
0.90663
0.43239665
0.90663
0.41546333
0.90663
0.39853
0.90663
0.38159668
0.90663
0.36466336
0.90663
0.34772998
0.90663
0.33079666
0.90663
0.31386334
0.90663
0.29693002
0.90663
0.2799967
0.90663
0.2630633
0.90663
0.24612999
0.90663
0.22919667
0.90663
0.21226335
0.90663
0.19533002
0.90663
0.17839664
0.90663
0.16146332
0.90663
0.14453
0.90663
0.12759668
0.90663
0.110663354
0.90663
0.09372997
0.90663
0.07679665
0.90663
0.05986333
0.90663
0.042930007
0.90663
0.025996685
0.90663
0.009063363
0.90663
-0.007869959
0.92356336
1.00813
0.92356336
0.9911967
0.92356336
0.9742633
0.92356336
0.95733
0.92356336
0.94039667
0.92356336
0.92346334
0.92356336
0.90653
0.92356336
0.88959664
0.92356336
0.8726633
0.92356336
0.85573
0.92356336
0.8387967
0.92356336
0.82186335
0.92356336
0.80493
0.92356336
0.78799665
0.92356336
0.7710633
0.92356336
0.75413
0.92356336
0.7371967
0.92356336
0.72026336
0.92356336
0.70333004
0.92356336
0.68639666
0.92356336
0.66946334
0.92356336
0.65253
0.92356336
0.63559663
0.92356336
0.6186633
0.92356336
0.60173
0.92356336
0.58479667
0.92356336
0.56786335
0.92356336
0.55093
0.92356336
0.5339967
0.92356336
0.5170633
0.92356336
0.50013
0.92356336
0.48319668
0.92356336
0.46626335
0.92356336
0.44932997
0.92356336
0.43239665
0.92356336
0.41546333
0.92356336
0.39853
0.92356336
0.38159668
0.92356336
0.36466336
0.92356336
0.34772998
0.92356336
0.33079666
0.92356336
0.31386334
0.92356336
0.29693002
0.92356336
0.2799967
0.92356336
0.2630633
0.92356336
0.24612999
0.92356336
0.22919667
0.92356336
0.21226335
0.92356336
0.19533002
0.92356336
0.17839664
0.92356336
0.16146332
0.92356336
0.14453
0.92356336
0.12759668
0.92356336
0.110663354
0.92356336
0.09372997
0.92356336
0.07679665
0.92356336
0.05986333
0.92356336
0.042930007
0.92356336
0.025996685
0.92356336
0.009063363
0.92356336
-0.007869959
0.9404967
1.00813
0.9404967
0.9911967
0.9404967
0.9742633
0.9404967
0.95733
0.9404967
0.94039667
0.9404967
0.92346334
0.9404967
0.90653
0.9404967
0.88959664
0.9404967
0.8726633
0.9404967
0.85573
0.9404967
0.8387967
0.9404967
0.82186335
0.9404967
0.80493
0.9404967
0.78799665
0.9404967
0.7710633
0.9404967
0.75413
0.9404967
0.7371967
0.9404967
0.72026336
0.9404967
0.70333004
0.9404967
0.68639666
0.9404967
0.66946334
0.9404967
0.65253
0.9404967
0.63559663
0.9404967
0.6186633
0.9404967
0.60173
0.9404967
0.58479667
0.9404967
0.56786335
0.9404967
0.55093
0.9404967
0.5339967
0.9404967
0.5170633
0.9404967
0.50013
0.9404967
0.48319668
0.9404967
0.46626335
0.9404967
0.44932997
0.9404967
0.43239665
0.9404967
0.41546333
0.9404967
0.39853
0.9404967
0.38159668
0.9404967
0.36466336
0.9404967
0.34772998
0.9404967
0.33079666
0.9404967
0.31386334
0.9404967
0.29693002
0.9404967
0.2799967
0.9404967
0.2630633
0.9404967
0.24612999
0.9404967
0.22919667
0.9404967
0.21226335
0.9404967
0.19533002
0.9404967
0.17839664
0.9404967
0.16146332
0.9404967
0.14453
0.9404967
0.12759668
0.9404967
0.110663354
0.9404967
0.09372997
0.9404967
0.07679665
0.9404967
0.05986333
0.9404967
0.042930007
0.9404967
0.025996685
0.9404967
0.009063363
0.9404967
-0.007869959
0.95743
1.00813
0.95743
0.9911967
0.95743
0.9742633
0.95743
0.95733
0.95743
0.94039667
0.95743
0.92346334
0.95743
0.90653
0.95743
0.88959664
0.95743
0.8726633
0.95743
0.85573
0.95743
0.8387967
0.95743
0.82186335
0.95743
0.80493
0.95743
0.78799665
0.95743
0.7710633
0.95743
0.75413
0.95743
0.7371967
0.95743
0.72026336
0.95743
0.70333004
0.95743
0.68639666
0.95743
0.66946334
0.95743
0.65253
0.95743
0.63559663
0.95743
0.6186633
0.95743
0.60173
0.95743
0.58479667
0.95743
0.56786335
0.95743
0.55093
0.95743
0.5339967
0.95743
0.5170633
0.95743
0.50013
0.95743
0.48319668
0.95743
0.46626335
0.95743
0.44932997
0.95743
0.43239665
0.95743
0.41546333
0.95743
0.39853
0.95743
0.38159668
0.95743
0.36466336
0.95743
0.34772998
0.95743
0.33079666
0.95743
0.31386334
0.95743
0.29693002
0.95743
0.2799967
0.95743
0.2630633
0.95743
0.24612999
0.95743
0.22919667
0.95743
0.21226335
0.95743
0.19533002
0.95743
0.17839664
0.95743
0.16146332
0.95743
0.14453
0.95743
0.12759668
0.95743
0.110663354
0.95743
0.09372997
0.95743
0.07679665
0.95743
0.05986333
0.95743
0.042930007
0.95743
0.025996685
0.95743
0.009063363
0.95743
-0.007869959
0.9743633
1.00813
0.9743633
0.9911967
0.9743633
0.9742633
0.9743633
0.95733
0.9743633
0.94039667
0.9743633
0.92346334
0.9743633
0.90653
0.9743633
0.88959664
0.9743633
0.8726633
0.9743633
0.85573
0.9743633
0.8387967
0.9743633
0.82186335
0.9743633
0.80493
0.9743633
0.78799665
0.9743633
0.7710633
0.9743633
0.75413
0.9743633
0.7371967
0.9743633
0.72026336
0.9743633
0.70333004
0.9743633
0.68639666
0.9743633
0.66946334
0.9743633
0.65253
0.9743633
0.63559663
0.9743633
0.6186633
0.9743633
0.60173
0.9743633
0.58479667
0.9743633
0.56786335
0.9743633
0.55093
0.9743633
0.5339967
0.9743633
0.5170633
0.9743633
0.50013
0.9743633
0.48319668
0.9743633
0.46626335
0.9743633
0.44932997
0.9743633
0.43239665
0.9743633
0.41546333
0.9743633
0.39853
0.9743633
0.38159668
0.9743633
0.36466336
0.9743633
0.34772998
0.9743633
0.33079666
0.9743633
0.31386334
0.9743633
0.29693002
0.9743633
0.2799967
0.9743633
0.2630633
0.9743633
0.24612999
0.9743633
0.22919667
0.9743633
0.21226335
0.9743633
0.19533002
0.9743633
0.17839664
0.9743633
0.16146332
0.9743633
0.14453
0.9743633
0.12759668
0.9743633
0.110663354
0.9743633
0.09372997
0.9743633
0.07679665
0.9743633
0.05986333
0.9743633
0.042930007
0.9743633
0.025996685
0.9743633
0.009063363
0.9743633
-0.007869959
0.99129665
1.00813
0.99129665
0.9911967
0.99129665
0.9742633
0.99129665
0.95733
0.99129665
0.94039667
0.99129665
0.92346334
0.99129665
0.90653
0.99129665
0.88959664
0.99129665
0.8726633
0.99129665
0.85573
0.99129665
0.8387967
0.99129665
0.82186335
0.99129665
0.80493
0.99129665
0.78799665
0.99129665
0.7710633
0.99129665
0.75413
0.99129665
0.7371967
0.99129665
0.72026336
0.99129665
0.70333004
0.99129665
0.68639666
0.99129665
0.66946334
0.99129665
0.65253
0.99129665
0.63559663
0.99129665
0.6186633
0.99129665
0.60173
0.99129665
0.58479667
0.99129665
0.56786335
0.99129665
0.55093
0.99129665
0.5339967
0.99129665
0.5170633
0.99129665
0.50013
0.99129665
0.48319668
0.99129665
0.46626335
0.99129665
0.44932997
0.99129665
0.43239665
0.99129665
0.41546333
0.99129665
0.39853
0.99129665
0.38159668
0.99129665
0.36466336
0.99129665
0.34772998
0.99129665
0.33079666
0.99129665
0.31386334
0.99129665
0.29693002
0.99129665
0.2799967
0.99129665
0.2630633
0.99129665
0.24612999
0.99129665
0.22919667
0.99129665
0.21226335
0.99129665
0.19533002
0.99129665
0.17839664
0.99129665
0.16146332
0.99129665
0.14453
0.99129665
0.12759668
0.99129665
0.110663354
0.99129665
0.09372997
0.99129665
0.07679665
0.99129665
0.05986333
0.99129665
0.042930007
0.99129665
0.025996685
0.99129665
0.009063363
0.99129665
-0.007869959
1.00823
1.00813
1.00823
0.9911967
1.00823
0.9742633
1.00823
0.95733
1.00823
0.94039667
1.00823
0.92346334
1.00823
0.90653
1.00823
0.88959664
1.00823
0.8726633
1.00823
0.85573
1.00823
0.8387967
1.00823
0.82186335
1.00823
0.80493
1.00823
0.78799665
1.00823
0.7710633
1.00823
0.75413
1.00823
0.7371967
1.00823
0.72026336
1.00823
0.70333004
1.00823
0.68639666
1.00823
0.66946334
1.00823
0.65253
1.00823
0.63559663
1.00823
0.6186633
1.00823
0.60173
1.00823
0.58479667
1.00823
0.56786335
1.00823
0.55093
1.00823
0.5339967
1.00823
0.5170633
1.00823
0.50013
1.00823
0.48319668
1.00823
0.46626335
1.00823
0.44932997
1.00823
0.43239665
1.00823
0.41546333
1.00823
0.39853
1.00823
0.38159668
1.00823
0.36466336
1.00823
0.34772998
1.00823
0.33079666
1.00823
0.31386334
1.00823
0.29693002
1.00823
0.2799967
1.00823
0.2630633
1.00823
0.24612999
1.00823
0.22919667
1.00823
0.21226335
1.00823
0.19533002
1.00823
0.17839664
1.00823
0.16146332
1.00823
0.14453
1.00823
0.12759668
1.00823
0.110663354
1.00823
0.09372997
1.00823
0.07679665
1.00823
0.05986333
1.00823
0.042930007
1.00823
0.025996685
1.00823
0.009063363
1.00823
-0.007869959
